0 0.955078 0.949707 0.00390625 0.0439453 0.105896
0 0.756836 0.786133 0.148438 0.0332031 0.0501216
0 0.660645 0.5 0.155273 0.0644531 0.0501927
0 0.0610352 0.918457 0.12207 0.0712891 0.0502506
0 0.199707 0.969727 0.180664 0.0546875 0.0502804
0 0.787109 0.404297 0.179688 0.0410156 0.0504532
0 0.410156 0.75293 0.181641 0.0195312 0.0504778
0 0.787598 0.436035 0.200195 0.0341797 0.0506165
0 0.757812 0.816406 0.146484 0.0566406 0.0509013
0 0.537598 0.845703 0.274414 0.0332031 0.0509266
0 0.474609 0.656738 0.193359 0.0458984 0.0509393
0 0.728516 0.658203 0.207031 0.03125 0.0509605
0 0.475586 0.689941 0.248047 0.0244141 0.051058
0 0.412109 0.84668 0.224609 0.0429688 0.0511383
0 0.402832 0.808105 0.563477 0.258789 0.0511444
0 0.384277 0.280762 0.161133 0.0693359 0.0512937
0 0.253418 0.820312 0.166992 0.0585938 0.0514428
0 0.165527 0.626953 0.174805 0.0566406 0.0514527
0 0.604004 0.940918 0.176758 0.0732422 0.051635
0 0.631836 0.783691 0.251953 0.0263672 0.0518144
0 0.162598 0.752441 0.206055 0.0205078 0.0518605
0 0.910645 0.567383 0.157227 0.0351562 0.0519642
0 0.28125 0.247559 0.5625 0.495117 0.0520592
0 0.947266 0.949219 0.00585938 0.0371094 0.052239
0 0.910645 0.601074 0.15918 0.0380859 0.0522728
0 0.448242 0.937988 0.220703 0.0595703 0.0523734
0 0.182129 0.774902 0.0751953 0.00878906 0.0523976
0 0.221191 0.235352 0.204102 0.015625 0.0524669
0 0.627441 0.71875 0.311523 0.0273438 0.0525715
0 0.408691 0.785156 0.172852 0.0273438 0.0526941
0 0.512207 0.876465 0.305664 0.0263672 0.0527303
0 0.764648 0.849121 0.173828 0.0517578 0.0527743
0 0.100098 0.566406 0.15918 0.0429688 0.0528969
0 0.383301 0.595215 0.213867 0.0439453 0.052939
0 0.751465 0.566895 0.141602 0.0146484 0.0529962
0 0.905273 0.532227 0.189453 0.046875 0.0531186
0 0.102539 0.59668 0.148438 0.0488281 0.0531362
0 0.19043 0.240234 0.238281 0.0117188 0.0531432
0 0.105469 0.0800781 0.210938 0.0175781 0.0532103
0 0.0756836 0.627441 0.137695 0.0576172 0.0532696
0 0.725098 0.629883 0.18457 0.0273438 0.0533869
0 0.258789 0.162109 0.175781 0.046875 0.0534106
0 0.0805664 0.81543 0.161133 0.0820312 0.0534557
0 0.189941 0.441895 0.204102 0.0302734 0.0534846
0 0.134277 0.268555 0.188477 0.0078125 0.0535943
0 0.135742 0.0419922 0.25 0.0292969 0.0537156
0 0.62793 0.750977 0.277344 0.015625 0.0539424
0 0.0922852 0.0454102 0.18457 0.0185547 0.0539912
0 0.723633 0.313477 0.166016 0.0332031 0.0539942
0 0.109375 0.878418 0.191406 0.110352 0.0541134
0 0.0810547 0.352051 0.162109 0.0302734 0.0541274
0 0.162109 0.078125 0.224609 0.0253906 0.054338
0 0.380859 0.534668 0.216797 0.0498047 0.0544819
0 0.562988 0.720703 0.256836 0.015625 0.0547995
0 0.932617 0.945801 0.0136719 0.0283203 0.0548788
0 0.159668 0.721191 0.176758 0.0263672 0.054918
0 0.249512 0.759766 0.131836 0.0253906 0.0554374
0 0.192383 0.266602 0.220703 0.00976562 0.0555743
0 0.97168 0.948242 0.0117188 0.0488281 0.055667
0 0.258301 0.408691 0.229492 0.0380859 0.0557024
0 0.104004 0.102539 0.208008 0.0175781 0.0558399
0 0.0932617 0.229492 0.186523 0.0175781 0.0558795
0 0.501465 0.751465 0.27832 0.00683594 0.0560195
0 0.734863 0.0351562 0.170898 0.0625 0.0565102
0 0.407227 0.818848 0.191406 0.0419922 0.0566024
0 0.438965 0.72168 0.233398 0.0214844 0.0567085
0 0.0761719 0.657227 0.148438 0.0644531 0.0568943
0 0.724609 0.345215 0.162109 0.0478516 0.0569623
0 0.19043 0.503418 0.160156 0.0263672 0.0569835
0 0.105957 0.783203 0.15918 0.0429688 0.0570391
0 0.137207 0.204102 0.21582 0.0292969 0.0571197
0 0.962891 0.94043 0.0195312 0.0449219 0.0571803
0 0.290039 0.0629883 0.205078 0.0634766 0.0574491
0 0.231934 0.012207 0.219727 0.0244141 0.0576108
0 0.540039 0.78125 0.263672 0.0117188 0.057642
0 0.192871 0.292969 0.223633 0.0117188 0.0577089
0 0.633301 0.844238 0.280273 0.0419922 0.0577668
0 0.164551 0.595215 0.166992 0.0419922 0.0578001
0 0.0849609 0.26123 0.169922 0.0126953 0.0578232
0 0.350098 0.625977 0.243164 0.046875 0.0578975
0 0.100098 0.533203 0.196289 0.0429688 0.0580882
0 0.162109 0.471191 0.230469 0.0341797 0.0584564
0 0.350586 0.657227 0.242188 0.0507812 0.0585421
0 0.231445 0.909668 0.224609 0.0458984 0.0585435
0 0.117676 0.472168 0.235352 0.0615234 0.058641
0 0.0839844 0.446289 0.167969 0.078125 0.0586692
0 0.250977 0.837402 0.419922 0.24707 0.0586952
0 0.696289 0.09375 0.189453 0.0488281 0.0590067
0 0.381836 0.565918 0.212891 0.0556641 0.0591965
0 0.693359 0.125 0.181641 0.0390625 0.0595929
0 0.198242 0.879395 0.205078 0.0419922 0.0596723
0 0.697754 0.0639648 0.180664 0.0693359 0.0596771
0 0.257324 0.44043 0.204102 0.0449219 0.0599334
0 0.342773 0.722656 0.21875 0.0390625 0.0604269
0 0.15625 0.533691 0.136719 0.0263672 0.0606961
0 0.725098 0.47168 0.18457 0.0371094 0.0608166
0 0.0947266 0.504395 0.189453 0.0830078 0.0608788
0 0.753906 0.755859 0.150391 0.0234375 0.0616059
0 0.939453 0.946777 0.0078125 0.0302734 0.0620653
0 0.259277 0.353516 0.223633 0.0273438 0.0622114
0 0.259766 0.562988 0.199219 0.0439453 0.0623123
0 0.258301 0.47168 0.178711 0.0527344 0.0624283
0 0.252441 0.788086 0.151367 0.0292969 0.0624838
0 0.693359 0.785645 0.193359 0.0361328 0.0627903
0 0.0786133 0.689453 0.157227 0.0585938 0.0628694
0 0.69043 0.720703 0.195312 0.0507812 0.0629707
0 0.257812 0.848633 0.216797 0.0527344 0.0633579
0 0.251465 0.628418 0.213867 0.0419922 0.06339
0 0.26123 0.381348 0.231445 0.0400391 0.0633968
0 0.727051 0.408203 0.15332 0.0507812 0.0634483
0 0.725098 0.441406 0.170898 0.0488281 0.0634815
0 0.0805664 0.750488 0.161133 0.0439453 0.0634991
0 0.761719 0.881348 0.203125 0.0556641 0.0635601
0 0.113281 0.292969 0.226562 0.0175781 0.0635827
0 0.60791 0.910645 0.243164 0.0595703 0.0638081
0 0.727539 0.376465 0.148438 0.0498047 0.0638251
0 0.345215 0.690918 0.21582 0.0439453 0.0639539
0 0.723633 0.568848 0.195312 0.0283203 0.0640974
0 0.262695 0.5 0.1875 0.0605469 0.0642083
0 0.133789 0.352539 0.226562 0.0234375 0.0643278
0 0.0839844 0.720215 0.167969 0.0537109 0.064578
0 0.15918 0.567383 0.148438 0.0273438 0.065373
0 0.252441 0.226562 0.211914 0.0371094 0.0656366
0 0.258301 0.323242 0.208008 0.0273438 0.0659069
0 0.260742 0.530762 0.189453 0.0634766 0.0660277
0 0.136719 0.239746 0.201172 0.0224609 0.0660509
0 0.955566 0.955566 0.00683594 0.0322266 0.0660594
0 0.105957 0.265137 0.211914 0.00878906 0.0661203
0 0.250977 0.690918 0.1875 0.0361328 0.0662599
0 0.245605 0.727051 0.182617 0.0341797 0.0670902
0 0.132324 0.442383 0.264648 0.0488281 0.0672239
0 0.131348 0.384277 0.241211 0.0361328 0.067235
0 0.727539 0.691406 0.195312 0.03125 0.0674025
0 0.724609 0.599609 0.1875 0.0332031 0.0675067
0 0.0913086 0.0742188 0.182617 0.015625 0.0677823
0 0.254883 0.596191 0.201172 0.0361328 0.067994
0 0.698242 0.845703 0.201172 0.0722656 0.0681211
0 0.731445 0.90918 0.197266 0.0800781 0.0684085
0 0.605469 0.880859 0.267578 0.0390625 0.0691577
0 0.723633 0.535645 0.189453 0.0302734 0.0696183
0 0.133789 0.319824 0.226562 0.0185547 0.0697659
0 0.193359 0.784668 0.224609 0.0244141 0.0698112
0 0.260742 0.87793 0.228516 0.078125 0.0698883
0 0.266113 0.0371094 0.204102 0.0742188 0.0701229
0 0.723633 0.50293 0.205078 0.0410156 0.070149
0 0.130371 0.412109 0.256836 0.0410156 0.0701904
0 0.693848 0.814941 0.178711 0.0556641 0.0709433
0 0.251953 0.65918 0.208984 0.046875 0.0723813
0 0.254883 0.264648 0.167969 0.0332031 0.0772106
0 0.256836 0.29248 0.185547 0.0322266 0.0777771
0 0.700684 0.875 0.233398 0.0996094 0.0783759
0 0.69043 0.753906 0.197266 0.0253906 0.0797113
0 0.722168 0.724609 0.170898 0.0292969 0.0830074
0 0.963379 0.949707 0.00292969 0.0556641 0.09723
0 0.955078 0.949707 0.00390625 0.0439453 0.105896
0 0.963379 0.949707 0.00292969 0.0556641 0.09723
0 0.955078 0.949707 0.00390625 0.0439453 0.105896
