0 0.286621 0.138184 0.258789 0.0849609 0.0501182
0 0.918945 0.373535 0.162109 0.0849609 0.0501397
0 0.387695 0.907227 0.246094 0.0761719 0.05017
0 0.353027 0.782715 0.174805 0.0439453 0.0502253
0 0.922363 0.467773 0.155273 0.0820312 0.0502808
0 0.322266 0.59375 0.189453 0.0585938 0.0503296
0 0.422363 0.0405273 0.192383 0.0771484 0.0504033
0 0.484375 0.0668945 0.207031 0.0634766 0.0504051
0 0.195312 0.59375 0.212891 0.0527344 0.0504123
0 0.248535 0.320312 0.262695 0.0488281 0.0504147
0 0.248535 0.353516 0.243164 0.046875 0.0504548
0 0.0869141 0.0385742 0.173828 0.0732422 0.0504938
0 0.116211 0.382812 0.232422 0.0742188 0.0505355
0 0.510742 0.4375 0.191406 0.0605469 0.0508138
0 0.761719 0.279785 0.146484 0.0556641 0.0508316
0 0.185059 0.385254 0.245117 0.0302734 0.0510235
0 0.385742 0.936035 0.261719 0.0654297 0.0511505
0 0.507324 0.376465 0.211914 0.0458984 0.0511827
0 0.443848 0.16748 0.243164 0.0576172 0.0514269
0 0.882812 0.406738 0.214844 0.0498047 0.0515377
0 0.105957 0.442383 0.211914 0.046875 0.0515957
0 0.503906 0.348145 0.238281 0.0458984 0.0516015
0 0.382812 0.623535 0.169922 0.0654297 0.0516102
0 0.410156 0.499512 0.255859 0.0478516 0.0516264
0 0.512207 0.65332 0.174805 0.0703125 0.0517351
0 0.888184 0.30957 0.219727 0.0664062 0.0517532
0 0.602051 0.373535 0.219727 0.0673828 0.0518241
0 0.254883 0.664062 0.152344 0.0625 0.052
0 0.602539 0.402832 0.199219 0.0771484 0.0522757
0 0.444336 0.196777 0.253906 0.0478516 0.0523315
0 0.222656 0.186523 0.332031 0.373047 0.0524616
0 0.0991211 0.289551 0.198242 0.0302734 0.0525175
0 0.630859 0.714355 0.222656 0.0517578 0.0529208
0 0.310059 0.412109 0.233398 0.0273438 0.0531124
0 0.236816 0.034668 0.198242 0.0498047 0.0532511
0 0.509766 0.40625 0.201172 0.0625 0.0532826
0 0.700684 0.187988 0.161133 0.0712891 0.0532864
0 0.507324 0.530762 0.180664 0.0693359 0.0534845
0 0.081543 0.254883 0.163086 0.0566406 0.0538341
0 0.0703125 0.512207 0.140625 0.0400391 0.0538444
0 0.101074 0.225586 0.198242 0.0410156 0.0539966
0 0.476074 0.561523 0.18457 0.0644531 0.0540159
0 0.73291 0.849609 0.0947266 0.0722656 0.0541209
0 0.159668 0.831543 0.249023 0.0322266 0.0541766
0 0.630859 0.685059 0.1875 0.0615234 0.0543133
0 0.15625 0.412109 0.255859 0.046875 0.0543225
0 0.108887 0.627441 0.217773 0.0673828 0.0547736
0 0.470703 0.318359 0.248047 0.0429688 0.0549292
0 0.135254 0.79248 0.270508 0.0283203 0.0551976
0 0.880371 0.438965 0.186523 0.0595703 0.0552087
0 0.0839844 0.065918 0.167969 0.0830078 0.0552533
0 0.508789 0.499512 0.183594 0.0751953 0.0553321
0 0.158203 0.251953 0.275391 0.0292969 0.0554051
0 0.438965 0.287109 0.254883 0.0351562 0.0554076
0 0.097168 0.349121 0.194336 0.0693359 0.0554774
0 0.258301 0.631836 0.168945 0.0664062 0.0555014
0 0.468262 0.230957 0.249023 0.0322266 0.0557491
0 0.248535 0.447266 0.225586 0.0371094 0.0558496
0 0.345215 0.243164 0.458008 0.287109 0.0562502
0 0.510742 0.467285 0.181641 0.0673828 0.0564085
0 0.0981445 0.411621 0.196289 0.0556641 0.0564322
0 0.444336 0.13916 0.224609 0.0537109 0.0567746
0 0.568359 0.717285 0.177734 0.0712891 0.0569842
0 0.28418 0.693848 0.177734 0.0810547 0.0571776
0 0.564941 0.22168 0.237305 0.0273438 0.0574959
0 0.53125 0.285156 0.279297 0.0234375 0.0578115
0 0.0556641 0.453613 0.111328 0.0361328 0.0578359
0 0.439941 0.260742 0.245117 0.03125 0.0578787
0 0.350586 0.751465 0.181641 0.0419922 0.0579051
0 0.318848 0.690918 0.157227 0.0537109 0.0580267
0 0.24707 0.418457 0.232422 0.0361328 0.0585412
0 0.505859 0.717285 0.164062 0.0810547 0.0585862
0 0.383301 0.592285 0.166992 0.0693359 0.0586859
0 0.0922852 0.596191 0.18457 0.0673828 0.0588383
0 0.157715 0.816895 0.241211 0.186523 0.0589279
0 0.384277 0.559082 0.21582 0.0693359 0.0589356
0 0.729004 0.816895 0.102539 0.0595703 0.0592041
0 0.108398 0.505371 0.216797 0.0693359 0.0592244
0 0.103516 0.472656 0.207031 0.0644531 0.0595185
0 0.697266 0.221191 0.175781 0.0361328 0.0598563
0 0.443359 0.716797 0.166016 0.0722656 0.0600161
0 0.0820312 0.289551 0.164062 0.0556641 0.0603665
0 0.730957 0.882324 0.110352 0.0966797 0.0611158
0 0.728516 0.437988 0.128906 0.0673828 0.0611438
0 0.694824 0.250977 0.188477 0.0410156 0.0614094
0 0.294922 0.0419922 0.203125 0.0703125 0.0614328
0 0.731445 0.345703 0.171875 0.0761719 0.0616905
0 0.288574 0.105469 0.233398 0.0625 0.0617518
0 0.69873 0.622559 0.18457 0.0673828 0.0617844
0 0.539062 0.684082 0.189453 0.0830078 0.0618303
0 0.730957 0.406738 0.137695 0.0673828 0.0623794
0 0.250977 0.476562 0.212891 0.0546875 0.0626427
0 0.184082 0.355469 0.18457 0.0292969 0.0626962
0 0.560059 0.254883 0.211914 0.0175781 0.0633196
0 0.413086 0.111328 0.201172 0.0566406 0.0639619
0 0.242676 0.837402 0.485352 0.325195 0.0644067
0 0.111328 0.565918 0.222656 0.0751953 0.0650952
0 0.258789 0.599121 0.177734 0.0693359 0.0652573
0 0.72998 0.533203 0.131836 0.0625 0.0657984
0 0.291016 0.0751953 0.228516 0.0703125 0.066335
0 0.728027 0.786133 0.131836 0.0371094 0.0665533
0 0.257324 0.536133 0.192383 0.0585938 0.0667048
0 0.416016 0.0776367 0.199219 0.0615234 0.066776
0 0.350098 0.71875 0.198242 0.0605469 0.0668434
0 0.111328 0.53418 0.222656 0.0742188 0.0669449
0 0.725098 0.753906 0.124023 0.03125 0.067584
0 0.697754 0.374512 0.202148 0.0791016 0.0684217
0 0.72998 0.469727 0.12207 0.0683594 0.0688732
0 0.728027 0.564453 0.145508 0.0585938 0.0692864
0 0.226562 0.373047 0.453125 0.289062 0.0697531
0 0.728516 0.50293 0.125 0.0742188 0.0705423
0 0.0551758 0.484375 0.110352 0.0292969 0.0710829
0 0.730957 0.593262 0.151367 0.0732422 0.0716069
0 0.254395 0.505859 0.200195 0.0527344 0.0721984
0 0.256836 0.566406 0.189453 0.0683594 0.072442
0 0.696289 0.312012 0.207031 0.100586 0.0751265
0 0.695801 0.28125 0.209961 0.0566406 0.0760983
0 0.73291 0.654297 0.165039 0.0917969 0.0805846
0 0.726074 0.719727 0.149414 0.0527344 0.0816124
0 0.731445 0.685059 0.160156 0.0634766 0.0820513
0 0.28125 0.12207 0.5625 0.191406 0.0822691
