0 0.5 0.820312 0.316406 0.03125 0.0501181
0 0.351074 0.657715 0.176758 0.0498047 0.0501381
0 0.350098 0.719238 0.176758 0.0673828 0.0501638
0 0.0761719 0.28418 0.152344 0.0566406 0.0502091
0 0.776367 0.443359 0.273438 0.0136719 0.0502701
0 0.410645 0.376465 0.176758 0.0830078 0.0502716
0 0.314453 0.595215 0.162109 0.0556641 0.0503206
0 0.346191 0.254883 0.237305 0.0371094 0.0504211
0 0.531738 0.253906 0.293945 0.0351562 0.050457
0 0.161621 0.220703 0.249023 0.046875 0.0505475
0 0.931152 0.155762 0.137695 0.0595703 0.0507319
0 0.601562 0.130371 0.189453 0.0634766 0.0507496
0 0.573242 0.407715 0.183594 0.0791016 0.0507907
0 0.901367 0.817383 0.197266 0.0292969 0.0508849
0 0.384277 0.779297 0.192383 0.0546875 0.0509004
0 0.350586 0.686523 0.179688 0.0625 0.0509446
0 0.762695 0.940918 0.144531 0.0751953 0.0510676
0 0.253418 0.600586 0.118164 0.078125 0.0510824
0 0.286621 0.442871 0.180664 0.0869141 0.0510854
0 0.787598 0.222168 0.206055 0.0224609 0.051239
0 0.698242 0.30957 0.603516 0.378906 0.0512969
0 0.492676 0.72998 0.268555 0.108398 0.0513153
0 0.390137 0.0415039 0.172852 0.0576172 0.0515606
0 0.931641 0.190918 0.136719 0.0478516 0.0516301
0 0.31543 0.285645 0.220703 0.0556641 0.0516602
0 0.347656 0.347656 0.197266 0.0410156 0.0517049
0 0.56543 0.222168 0.265625 0.0302734 0.051828
0 0.189941 0.658691 0.213867 0.0439453 0.0518629
0 0.441895 0.0673828 0.180664 0.0585938 0.05194
0 0.654785 0.634766 0.235352 0.0507812 0.0519903
0 0.827637 0.0307617 0.229492 0.0537109 0.052075
0 0.283203 0.53418 0.125 0.0664062 0.0522115
0 0.476074 0.344727 0.174805 0.0839844 0.0523904
0 0.84668 0.533691 0.236328 0.0224609 0.0523906
0 0.466797 0.132324 0.296875 0.0185547 0.052408
0 0.328613 0.0419922 0.178711 0.0644531 0.0524282
0 0.902832 0.501953 0.194336 0.0371094 0.0524773
0 0.718262 0.836426 0.411133 0.27832 0.052571
0 0.491211 0.750977 0.0625 0.0429688 0.0526329
0 0.0917969 0.845703 0.0449219 0.0605469 0.0527547
0 0.388184 0.530762 0.194336 0.0810547 0.0529071
0 0.178711 0.520996 0.09375 0.387695 0.0529375
0 0.658203 0.601074 0.246094 0.0439453 0.0531362
0 0.811523 0.285645 0.197266 0.0380859 0.0531628
0 0.442383 0.313965 0.238281 0.0458984 0.0533755
0 0.60791 0.0976562 0.19043 0.0742188 0.053437
0 0.64209 0.0673828 0.166992 0.0839844 0.0535014
0 0.706055 0.0332031 0.212891 0.0664062 0.0535971
0 0.914551 0.379883 0.170898 0.0546875 0.0537342
0 0.527832 0.77832 0.569336 0.246094 0.0538086
0 0.436523 0.284668 0.259766 0.0380859 0.0539612
0 0.916504 0.469727 0.166992 0.046875 0.0540845
0 0.320312 0.10498 0.191406 0.0537109 0.0542979
0 0.470703 0.250488 0.529297 0.168945 0.0543839
0 0.779785 0.413574 0.262695 0.0361328 0.0543931
0 0.586914 0.815918 0.0390625 0.00683594 0.0544884
0 0.282227 0.316895 0.191406 0.0498047 0.0545095
0 0.251953 0.473145 0.146484 0.0615234 0.054525
0 0.248047 0.353027 0.158203 0.0322266 0.0545279
0 0.779785 0.475586 0.25293 0.0175781 0.0546862
0 0.827148 0.0610352 0.220703 0.0537109 0.0548924
0 0.910645 0.437988 0.178711 0.0556641 0.054904
0 0.286133 0.661133 0.119141 0.0585938 0.0549847
0 0.748535 0.383789 0.25293 0.0292969 0.0550072
0 0.748047 0.730469 0.185547 0.0292969 0.0554629
0 0.34668 0.314941 0.226562 0.0361328 0.0554982
0 0.687012 0.318848 0.249023 0.0341797 0.05559
0 0.912109 0.408691 0.175781 0.0615234 0.0556644
0 0.349609 0.628418 0.166016 0.0498047 0.0556921
0 0.387207 0.5625 0.182617 0.0742188 0.0560335
0 0.286133 0.62793 0.121094 0.0566406 0.056191
0 0.691895 0.851074 0.211914 0.0869141 0.0564201
0 0.324219 0.0732422 0.189453 0.0683594 0.0565049
0 0.25 0.41748 0.195312 0.0595703 0.0565249
0 0.875488 0.256836 0.249023 0.0292969 0.0566617
0 0.470703 0.105469 0.253906 0.0214844 0.0568081
0 0.19043 0.628906 0.220703 0.0703125 0.0570024
0 0.255371 0.222656 0.182617 0.046875 0.0571082
0 0.728516 0.162109 0.226562 0.0527344 0.0574493
0 0.895996 0.258789 0.208008 0.0527344 0.0575646
0 0.629883 0.818848 0.261719 0.0810547 0.0576375
0 0.594727 0.875 0.292969 0.0546875 0.0577643
0 0.247559 0.384766 0.180664 0.0351562 0.0578081
0 0.601074 0.90918 0.268555 0.0605469 0.0578638
0 0.78418 0.256836 0.220703 0.0214844 0.0581437
0 0.130371 0.721191 0.15918 0.0302734 0.0586163
0 0.881836 0.56543 0.236328 0.0488281 0.0587107
0 0.879395 0.22168 0.233398 0.0390625 0.0588421
0 0.716797 0.352539 0.244141 0.0214844 0.0590451
0 0.875 0.286133 0.25 0.0195312 0.0591674
0 0.685547 0.288574 0.240234 0.0341797 0.0592096
0 0.383789 0.594727 0.1875 0.0703125 0.0592335
0 0.908691 0.626465 0.182617 0.0595703 0.0593157
0 0.594727 0.763184 0.232422 0.0478516 0.059373
0 0.252441 0.254395 0.192383 0.0537109 0.0595461
0 0.713867 0.664551 0.220703 0.0380859 0.059636
0 0.906738 0.59668 0.186523 0.0488281 0.0596575
0 0.111328 0.577637 0.222656 0.0791016 0.0601039
0 0.595215 0.849609 0.258789 0.0429688 0.0603278
0 0.784668 0.566895 0.266602 0.0244141 0.0608745
0 0.717773 0.261719 0.230469 0.0292969 0.0608862
0 0.688965 0.786621 0.18457 0.0478516 0.0608948
0 0.597656 0.776367 0.251953 0.384766 0.0611679
0 0.25 0.321289 0.138672 0.03125 0.0611845
0 0.259766 0.780273 0.130859 0.0683594 0.0611995
0 0.897461 0.288086 0.205078 0.0371094 0.0612754
0 0.255859 0.753418 0.109375 0.0537109 0.0612869
0 0.726562 0.85498 0.160156 0.0537109 0.06131
0 0.692383 0.225098 0.232422 0.0419922 0.0613925
0 0.688477 0.504395 0.255859 0.0576172 0.0614208
0 0.500488 0.117188 0.588867 0.234375 0.0615684
0 0.532227 0.282715 0.248047 0.0341797 0.0616232
0 0.536133 0.345215 0.199219 0.0595703 0.0617158
0 0.729492 0.914062 0.169922 0.0742188 0.0617163
0 0.731445 0.0981445 0.207031 0.0537109 0.061774
0 0.725098 0.821289 0.15332 0.0644531 0.0618593
0 0.68457 0.693848 0.228516 0.0498047 0.0621172
0 0.72998 0.130859 0.22168 0.0507812 0.0622312
0 0.900879 0.533203 0.198242 0.0390625 0.0624736
0 0.688477 0.44043 0.28125 0.0390625 0.0624741
0 0.727051 0.192871 0.227539 0.0439453 0.0626926
0 0.283203 0.565918 0.121094 0.0615234 0.0626958
0 0.719727 0.762207 0.167969 0.0283203 0.0627776
0 0.688477 0.472168 0.259766 0.0380859 0.0631597
0 0.779785 0.323242 0.151367 0.0234375 0.063676
0 0.540039 0.376465 0.162109 0.0966797 0.0639542
0 0.118652 0.615234 0.237305 0.0625 0.0639548
0 0.850586 0.592285 0.265625 0.0302734 0.0641071
0 0.287109 0.6875 0.121094 0.0683594 0.0643994
0 0.686035 0.410156 0.286133 0.0410156 0.064511
0 0.0859375 0.219727 0.171875 0.0839844 0.0649668
0 0.933594 0.799316 0.132812 0.0302734 0.0663387
0 0.249023 0.284668 0.169922 0.0498047 0.0673139
0 0.903809 0.830078 0.192383 0.0292969 0.067689
0 0.28418 0.719238 0.162109 0.0654297 0.0683289
0 0.724609 0.887207 0.173828 0.0712891 0.0686361
0 0.152832 0.3125 0.196289 0.0332031 0.0688606
0 0.733398 0.0644531 0.183594 0.0507812 0.0695568
0 0.717285 0.57373 0.262695 0.0263672 0.0708621
0 0.593262 0.787109 0.237305 0.0371094 0.0713718
0 0.717285 0.604492 0.241211 0.0273438 0.0713746
0 0.103027 0.597168 0.204102 0.375977 0.0716796
0 0.746582 0.320801 0.165039 0.0146484 0.0717788
0 0.597168 0.818848 0.254883 0.0380859 0.0724696
0 0.533203 0.313477 0.224609 0.0410156 0.0728359
0 0.716797 0.541992 0.244141 0.03125 0.0730826
0 0.226562 0.562988 0.453125 0.319336 0.0730977
0 0.148438 0.598633 0.296875 0.167969 0.0743694
0 0.157227 0.546387 0.238281 0.0537109 0.0746491
0 0.567871 0.755371 0.0458984 0.0673828 0.0761631
0 0.71582 0.63623 0.238281 0.0322266 0.0778009
0 0.495605 0.76123 0.264648 0.0380859 0.0779598
0 0.68457 0.728027 0.224609 0.0498047 0.0785892
0 0.686035 0.758301 0.217773 0.0458984 0.0806074
0 0.499023 0.793457 0.267578 0.0302734 0.0819439
0 0.716309 0.697266 0.155273 0.0214844 0.0828318
0 0.743652 0.29248 0.18457 0.0185547 0.0843199
0 0.152344 0.350098 0.183594 0.0263672 0.0846992
