0 0.0263672 0.797852 0.0527344 0.0625 0.121847
0 0.0805664 0.595703 0.161133 0.0859375 0.0500455
0 0.94873 0.913574 0.102539 0.102539 0.0500479
0 0.659668 0.715332 0.581055 0.336914 0.0503032
0 0.51123 0.248535 0.129883 0.0791016 0.0503358
0 0.445312 0.341797 0.205078 0.0996094 0.0503862
0 0.193359 0.500488 0.199219 0.0361328 0.0504442
0 0.474121 0.564941 0.293945 0.0185547 0.0506549
0 0.636719 0.279785 0.158203 0.0888672 0.0506836
0 0.253906 0.378906 0.220703 0.0410156 0.050694
0 0.723633 0.852539 0.222656 0.0585938 0.050726
0 0.161621 0.751953 0.18457 0.0273438 0.0507643
0 0.930176 0.6875 0.139648 0.0644531 0.0508516
0 0.943848 0.03125 0.112305 0.0625 0.0508611
0 0.92627 0.880859 0.147461 0.0820312 0.0508731
0 0.240234 0.86377 0.480469 0.272461 0.0512478
0 0.79248 0.278809 0.15918 0.0439453 0.0512498
0 0.844727 0.719727 0.222656 0.0253906 0.0512549
0 0.541992 0.942383 0.205078 0.0898438 0.0513851
0 0.624023 0.690918 0.210938 0.0419922 0.0514576
0 0.387695 0.065918 0.142578 0.0771484 0.0516228
0 0.10498 0.780762 0.180664 0.0654297 0.0516471
0 0.694336 0.125 0.158203 0.0625 0.0518428
0 0.878906 0.687012 0.214844 0.0439453 0.0519098
0 0.0761719 0.963867 0.130859 0.0722656 0.0519466
0 0.926758 0.0917969 0.146484 0.0839844 0.0519844
0 0.784668 0.813965 0.424805 0.37207 0.0519983
0 0.789551 0.250488 0.163086 0.0341797 0.0520108
0 0.290039 0.1875 0.171875 0.0371094 0.0520473
0 0.394043 0.0449219 0.15918 0.0898438 0.0520521
0 0.703125 0.0395508 0.160156 0.0791016 0.0522379
0 0.695801 0.0932617 0.172852 0.0615234 0.0524195
0 0.596191 0.344727 0.196289 0.0917969 0.0524202
0 0.697754 0.219238 0.139648 0.0517578 0.0525047
0 0.249023 0.722168 0.181641 0.0361328 0.0527572
0 0.253906 0.409668 0.220703 0.0400391 0.0528132
0 0.920898 0.754883 0.158203 0.0566406 0.0530042
0 0.379395 0.623047 0.295898 0.0292969 0.0531402
0 0.496582 0.630371 0.250977 0.0263672 0.0532368
0 0.164062 0.532227 0.212891 0.0527344 0.0532535
0 0.256348 0.439453 0.206055 0.0449219 0.0533525
0 0.905762 0.943848 0.188477 0.0673828 0.0534045
0 0.344238 0.472656 0.223633 0.0273438 0.053411
0 0.128418 0.276367 0.256836 0.419922 0.0534746
0 0.292969 0.777832 0.585938 0.291992 0.0535859
0 0.727051 0.188965 0.155273 0.0341797 0.0537787
0 0.5625 0.444336 0.257812 0.0371094 0.0542773
0 0.160645 0.466309 0.198242 0.0341797 0.0543247
0 0.255371 0.655273 0.198242 0.03125 0.0543278
0 0.162598 0.781738 0.192383 0.0341797 0.0543481
0 0.124512 0.408691 0.249023 0.0400391 0.0545191
0 0.565918 0.380371 0.24707 0.0478516 0.0545227
0 0.258789 0.468262 0.1875 0.0517578 0.0545287
0 0.928711 0.723633 0.142578 0.0585938 0.0545482
0 0.47998 0.27832 0.170898 0.107422 0.0548004
0 0.563965 0.413086 0.245117 0.0292969 0.0549946
0 0.374512 0.949219 0.311523 0.078125 0.0550682
0 0.317383 0.249023 0.212891 0.0410156 0.0552691
0 0.605957 0.249023 0.139648 0.0839844 0.0553326
0 0.873535 0.790527 0.231445 0.0439453 0.0560736
0 0.811035 0.917969 0.245117 0.0742188 0.0563718
0 0.697754 0.0639648 0.163086 0.0732422 0.0563911
0 0.439941 0.884766 0.0849609 0.230469 0.0564649
0 0.105957 0.942871 0.145508 0.0849609 0.0565468
0 0.220215 0.786621 0.204102 0.0322266 0.0566326
0 0.724609 0.883301 0.236328 0.0712891 0.0572312
0 0.407715 0.883789 0.0849609 0.232422 0.057724
0 0.281738 0.351562 0.227539 0.0390625 0.0577474
0 0.340332 0.975098 0.24707 0.0498047 0.0580029
0 0.26123 0.220703 0.116211 0.0175781 0.0581983
0 0.41748 0.277832 0.19043 0.0576172 0.0583905
0 0.874023 0.754883 0.230469 0.0371094 0.0588703
0 0.108887 0.880859 0.202148 0.121094 0.0591449
0 0.725586 0.753906 0.205078 0.0214844 0.059443
0 0.12793 0.501953 0.205078 0.0292969 0.0595016
0 0.348145 0.787598 0.155273 0.0537109 0.0598603
0 0.728516 0.222168 0.140625 0.0322266 0.0601049
0 0.312988 0.282715 0.178711 0.0419922 0.0601955
0 0.101562 0.53125 0.197266 0.0351562 0.060413
0 0.287598 0.621582 0.241211 0.0302734 0.0607859
0 0.259766 0.591309 0.228516 0.0361328 0.0608887
0 0.497559 0.785645 0.362305 0.428711 0.0613997
0 0.289551 0.217773 0.161133 0.03125 0.0617356
0 0.120605 0.437988 0.241211 0.0400391 0.0621186
0 0.34668 0.65332 0.234375 0.0390625 0.0633508
0 0.0292969 0.8125 0.0585938 0.0175781 0.0634952
0 0.696289 0.342285 0.162109 0.104492 0.0635777
0 0.419434 0.24707 0.178711 0.0585938 0.0640236
0 0.257812 0.529785 0.195312 0.0322266 0.0657607
0 0.28125 0.685547 0.205078 0.0273438 0.0664925
0 0.104004 0.468262 0.208008 0.0341797 0.0665717
0 0.725098 0.722168 0.229492 0.0244141 0.0666776
0 0.259766 0.499023 0.183594 0.0429688 0.0667087
0 0.345703 0.755371 0.173828 0.0458984 0.0673966
0 0.279297 0.319336 0.21875 0.0449219 0.0677735
0 0.72998 0.594727 0.168945 0.0722656 0.0683779
0 0.728027 0.686523 0.229492 0.0332031 0.0689417
0 0.729004 0.533691 0.133789 0.0693359 0.0690093
0 0.729492 0.623535 0.177734 0.0615234 0.0694283
0 0.730469 0.56543 0.150391 0.0625 0.069518
0 0.730957 0.404785 0.143555 0.0654297 0.0701071
0 0.730469 0.654297 0.201172 0.0527344 0.0705444
0 0.257812 0.558594 0.208984 0.0410156 0.0711299
0 0.344727 0.685059 0.214844 0.0341797 0.0714689
0 0.730469 0.374023 0.132812 0.0605469 0.0717607
0 0.255859 0.25 0.162109 0.0253906 0.0721026
0 0.72998 0.468262 0.137695 0.0830078 0.0722602
0 0.72998 0.500488 0.135742 0.0791016 0.0724172
0 0.0883789 0.564941 0.176758 0.108398 0.0725839
0 0.697754 0.278809 0.15918 0.100586 0.0748697
0 0.100586 0.501465 0.201172 0.0478516 0.0754527
0 0.727051 0.253418 0.149414 0.0439453 0.0755964
0 0.251465 0.283203 0.161133 0.0351562 0.0759535
0 0.732422 0.436035 0.130859 0.0771484 0.0768482
0 0.729004 0.344238 0.12793 0.0556641 0.0786812
0 0.529785 0.812012 0.645508 0.217773 0.0822497
0 0.342773 0.720703 0.222656 0.0410156 0.086148
0 0.0834961 0.532227 0.166992 0.0761719 0.0870769
0 0.72998 0.313477 0.139648 0.0625 0.0905311
0 0.729492 0.283203 0.162109 0.0566406 0.0944329
0 0.0263672 0.797852 0.0527344 0.0625 0.121847
0 0.72998 0.313477 0.139648 0.0625 0.0905311
0 0.729492 0.283203 0.162109 0.0566406 0.0944329
0 0.0263672 0.797852 0.0527344 0.0625 0.121847
