0 0.164551 0.625 0.135742 0.0800781 0.0500185
0 0.157715 0.37207 0.217773 0.0332031 0.0500474
0 0.596191 0.723145 0.161133 0.0283203 0.0500518
0 0.47998 0.123535 0.15918 0.0732422 0.0501033
0 0.631348 0.626953 0.19043 0.0410156 0.0503144
0 0.629883 0.690918 0.1875 0.0341797 0.0504042
0 0.72168 0.387207 0.101562 0.0380859 0.0506717
0 0.906738 0.25293 0.186523 0.0390625 0.0506989
0 0.0761719 0.648926 0.115234 0.415039 0.0508343
0 0.348145 0.37793 0.165039 0.0859375 0.0510902
0 0.729492 0.966797 0.181641 0.0625 0.0511211
0 0.722656 0.823242 0.154297 0.0195312 0.0512263
0 0.597656 0.53418 0.205078 0.0390625 0.0513618
0 0.288086 0.904297 0.232422 0.0664062 0.0514239
0 0.730957 0.441406 0.200195 0.0605469 0.0514894
0 0.166016 0.59375 0.144531 0.0722656 0.0515063
0 0.725586 0.532227 0.166016 0.0566406 0.051894
0 0.477051 0.441406 0.163086 0.0625 0.0519595
0 0.760742 0.9375 0.199219 0.0507812 0.0520384
0 0.441895 0.474121 0.182617 0.0556641 0.0520623
0 0.262695 0.219238 0.138672 0.0478516 0.052101
0 0.674316 0.947266 0.0166016 0.0234375 0.0521164
0 0.727539 0.3125 0.275391 0.316406 0.0521312
0 0.936523 0.544922 0.126953 0.046875 0.0521429
0 0.312012 0.442871 0.21582 0.0849609 0.0523279
0 0.692383 0.591309 0.234375 0.0576172 0.0524304
0 0.258301 0.625488 0.165039 0.0849609 0.0528622
0 0.227539 0.904297 0.171875 0.126953 0.0528643
0 0.727051 0.104004 0.186523 0.0439453 0.0530279
0 0.51123 0.0634766 0.145508 0.0839844 0.0531876
0 0.349609 0.345215 0.181641 0.0849609 0.0532352
0 0.697754 0.946777 0.00878906 0.0263672 0.053686
0 0.444824 0.281738 0.114258 0.0869141 0.0537971
0 0.725586 0.755371 0.173828 0.0146484 0.0547819
0 0.161621 0.341797 0.235352 0.0449219 0.0547916
0 0.0878906 0.249023 0.175781 0.0722656 0.0548583
0 0.270996 0.436035 0.0458984 0.362305 0.0550025
0 0.730957 0.659668 0.202148 0.0400391 0.0550271
0 0.287598 0.471191 0.24707 0.0595703 0.055282
0 0.700195 0.933594 0.248047 0.03125 0.0552941
0 0.661621 0.0698242 0.219727 0.0830078 0.0557503
0 0.516113 0.0371094 0.166992 0.0742188 0.0559425
0 0.719238 0.356934 0.143555 0.0458984 0.056393
0 0.289551 0.307617 0.198242 0.078125 0.056473
0 0.166992 0.30957 0.205078 0.0761719 0.0566676
0 0.259766 0.594238 0.189453 0.0888672 0.056722
0 0.729492 0.906738 0.240234 0.0458984 0.0568468
0 0.0893555 0.34082 0.178711 0.0742188 0.0569617
0 0.904785 0.583008 0.0986328 0.392578 0.057134
0 0.0888672 0.370117 0.177734 0.0820312 0.0572498
0 0.691895 0.786133 0.237305 0.03125 0.0575037
0 0.74707 0.29834 0.117188 0.422852 0.0583377
0 0.686523 0.224609 0.158203 0.0839844 0.0584117
0 0.260254 0.249023 0.163086 0.0585938 0.0584566
0 0.248535 0.539062 0.223633 0.0488281 0.058795
0 0.248047 0.510254 0.203125 0.0517578 0.0588545
0 0.631836 0.100586 0.230469 0.0644531 0.0598056
0 0.311523 0.496582 0.5625 0.356445 0.0598089
0 0.681641 0.938477 0.0175781 0.0234375 0.0598729
0 0.725098 0.413086 0.161133 0.0605469 0.0601651
0 0.253906 0.564453 0.195312 0.0722656 0.0612611
0 0.693359 0.751465 0.226562 0.0263672 0.0614014
0 0.26123 0.277344 0.166992 0.0683594 0.0614962
0 0.723633 0.790039 0.191406 0.0175781 0.0615079
0 0.16748 0.280273 0.174805 0.0703125 0.0615202
0 0.72998 0.879395 0.229492 0.0341797 0.062397
0 0.724121 0.723633 0.174805 0.0234375 0.0624096
0 0.898438 0.608887 0.203125 0.0498047 0.0624261
0 0.728027 0.166016 0.245117 0.0722656 0.0625606
0 0.887207 0.594727 0.225586 0.498047 0.0630742
0 0.720215 0.196777 0.260742 0.0712891 0.0633135
0 0.691895 0.718262 0.21582 0.0419922 0.0640007
0 0.728027 0.13916 0.192383 0.0458984 0.064883
0 0.0830078 0.435547 0.126953 0.121094 0.0658783
0 0.728027 0.690918 0.194336 0.0361328 0.0660004
0 0.716309 0.333496 0.209961 0.0732422 0.0669181
0 0.257324 0.874512 0.198242 0.0888672 0.0672957
0 0.73584 0.34375 0.52832 0.376953 0.0687975
0 0.0864258 0.311035 0.172852 0.0693359 0.0707984
0 0.717773 0.29248 0.212891 0.100586 0.0719087
0 0.0864258 0.27832 0.172852 0.0761719 0.0728638
0 0.69043 0.945312 0.00976562 0.0292969 0.0732991
0 0.682617 0.946777 0.00976562 0.0244141 0.0888498
0 0.0942383 0.791016 0.0380859 0.101562 0.0899667
