0 0.955566 0.167969 0.0146484 0.0449219 0.129334
0 0.90332 0.470215 0.193359 0.0302734 0.0501295
0 0.418457 0.341797 0.18457 0.0722656 0.0501766
0 0.0825195 0.626465 0.165039 0.118164 0.0503486
0 0.565918 0.72168 0.161133 0.0429688 0.0503572
0 0.342285 0.822266 0.264648 0.134766 0.0504601
0 0.790527 0.782715 0.200195 0.0380859 0.0504981
0 0.741211 0.830078 0.517578 0.339844 0.0505015
0 0.217285 0.82959 0.333008 0.34082 0.0505505
0 0.73877 0.528809 0.0830078 0.303711 0.0506226
0 0.758301 0.850586 0.178711 0.0644531 0.050728
0 0.864746 0.124512 0.270508 0.0224609 0.0507379
0 0.179688 0.194824 0.0625 0.0146484 0.0507635
0 0.59668 0.691895 0.199219 0.0380859 0.0508494
0 0.28125 0.629883 0.244141 0.0332031 0.0509066
0 0.100586 0.352051 0.173828 0.0634766 0.0509487
0 0.379883 0.0131836 0.238281 0.0263672 0.0510099
0 0.658203 0.908691 0.230469 0.0732422 0.0510541
0 0.126953 0.353027 0.142578 0.0361328 0.0510557
0 0.414551 0.403809 0.241211 0.0634766 0.0511413
0 0.598145 0.316895 0.161133 0.0849609 0.0513788
0 0.227051 0.375488 0.139648 0.0439453 0.0514011
0 0.754395 0.408203 0.174805 0.0371094 0.051428
0 0.94043 0.172363 0.0253906 0.0419922 0.0514482
0 0.691895 0.967773 0.204102 0.0644531 0.0516612
0 0.667969 0.12793 0.240234 0.0585938 0.0517079
0 0.40332 0.602051 0.304688 0.0166016 0.0517112
0 0.541016 0.280762 0.15625 0.0927734 0.0518034
0 0.195312 0.438965 0.148438 0.0869141 0.0518319
0 0.94043 0.155273 0.00976562 0.0332031 0.0518685
0 0.325195 0.434082 0.650391 0.399414 0.0520271
0 0.662109 0.943359 0.1875 0.0585938 0.0520748
0 0.603516 0.219727 0.203125 0.0371094 0.0521654
0 0.189941 0.255371 0.219727 0.0185547 0.0523386
0 0.900879 0.015625 0.114258 0.03125 0.0523478
0 0.783203 0.686523 0.234375 0.0175781 0.0526299
0 0.294922 0.0654297 0.21875 0.0429688 0.0526432
0 0.413086 0.128418 0.25 0.0439453 0.0527591
0 0.633301 0.160156 0.243164 0.0429688 0.0527651
0 0.79541 0.0629883 0.204102 0.0400391 0.0527672
0 0.28125 0.743652 0.443359 0.43457 0.0529683
0 0.75 0.974609 0.171875 0.0507812 0.0530232
0 0.479004 0.342773 0.188477 0.0957031 0.0531212
0 0.378906 0.876465 0.230469 0.24707 0.0531755
0 0.25293 0.568848 0.175781 0.0478516 0.0531868
0 0.882324 0.154297 0.235352 0.0175781 0.0532304
0 0.194824 0.348145 0.139648 0.0341797 0.0534154
0 0.308594 0.817871 0.0507812 0.0126953 0.0535946
0 0.415039 0.158691 0.255859 0.0400391 0.0536724
0 0.691406 0.883789 0.275391 0.0664062 0.0539033
0 0.175293 0.0351562 0.200195 0.0605469 0.0539119
0 0.955566 0.195312 0.0166016 0.0585938 0.0545404
0 0.24707 0.817383 0.248047 0.0664062 0.0547008
0 0.602051 0.251465 0.202148 0.0576172 0.0547399
0 0.602051 0.189453 0.223633 0.0390625 0.0548056
0 0.318848 0.916504 0.0322266 0.0654297 0.0548211
0 0.348145 0.469238 0.258789 0.0380859 0.0548413
0 0.348633 0.185547 0.292969 0.0195312 0.05503
0 0.791504 0.0952148 0.213867 0.0302734 0.0551414
0 0.348633 0.219727 0.208984 0.0273438 0.0551549
0 0.447754 0.30957 0.192383 0.0742188 0.0552932
0 0.746582 0.910645 0.237305 0.0615234 0.0553138
0 0.782715 0.719238 0.204102 0.0205078 0.0555434
0 0.90625 0.19043 0.1875 0.0273438 0.0555701
0 0.345215 0.50293 0.258789 0.0273438 0.055579
0 0.906738 0.408203 0.186523 0.0273438 0.0556639
0 0.779297 0.520996 0.0996094 0.37207 0.0558867
0 0.812012 0.349121 0.202148 0.0263672 0.0563959
0 0.600586 0.282715 0.164062 0.0712891 0.0565141
0 0.749512 0.571289 0.209961 0.03125 0.0566417
0 0.283691 0.222656 0.264648 0.0175781 0.056891
0 0.370117 0.564453 0.296875 0.015625 0.0570839
0 0.541016 0.781738 0.173828 0.0576172 0.0571716
0 0.670898 0.0654297 0.242188 0.0488281 0.0572956
0 0.194824 0.315918 0.166992 0.0361328 0.0577763
0 0.418457 0.0371094 0.266602 0.0449219 0.057888
0 0.447754 0.0952148 0.290039 0.0322266 0.0579126
0 0.279297 0.665039 0.242188 0.0429688 0.0579133
0 0.444336 0.280273 0.208984 0.0625 0.0583263
0 0.726074 0.817871 0.172852 0.0712891 0.0584143
0 0.608398 0.0361328 0.224609 0.0410156 0.0588064
0 0.283203 0.500977 0.207031 0.0507812 0.058835
0 0.886719 0.189453 0.226562 0.015625 0.0588892
0 0.90332 0.376465 0.193359 0.0322266 0.0589081
0 0.602051 0.130371 0.256836 0.0361328 0.0590691
0 0.249023 0.164551 0.279297 0.0205078 0.0591754
0 0.73877 0.034668 0.194336 0.0693359 0.059176
0 0.11377 0.877441 0.211914 0.133789 0.0592016
0 0.25293 0.134277 0.244141 0.0322266 0.0592843
0 0.963379 0.142578 0.0166016 0.046875 0.0593361
0 0.353516 0.372559 0.197266 0.0732422 0.0600024
0 0.947754 0.165039 0.0224609 0.0390625 0.0602042
0 0.751465 0.503418 0.249023 0.0615234 0.0607408
0 0.248047 0.191406 0.28125 0.0195312 0.0608458
0 0.867676 0.316895 0.264648 0.0166016 0.0609583
0 0.657227 0.722168 0.195312 0.0576172 0.0609786
0 0.260254 0.4375 0.182617 0.0878906 0.0610449
0 0.963379 0.160156 0.00488281 0.0429688 0.0611826
0 0.260254 0.102539 0.188477 0.0390625 0.0614846
0 0.191406 0.286133 0.193359 0.0292969 0.0621612
0 0.254395 0.251465 0.217773 0.0244141 0.0622168
0 0.71875 0.473633 0.167969 0.0566406 0.062238
0 0.754883 0.753418 0.152344 0.0185547 0.0622475
0 0.755371 0.563965 0.37793 0.456055 0.0631124
0 0.913086 0.220703 0.173828 0.03125 0.0633454
0 0.27832 0.697754 0.212891 0.0517578 0.0633694
0 0.35791 0.0336914 0.227539 0.0673828 0.0633901
0 0.350098 0.101074 0.209961 0.0517578 0.0635849
0 0.283691 0.470215 0.206055 0.0615234 0.0638182
0 0.354004 0.342285 0.157227 0.0791016 0.0638707
0 0.352539 0.311035 0.166016 0.0634766 0.0639454
0 0.481934 0.0644531 0.258789 0.03125 0.0640878
0 0.751465 0.946777 0.200195 0.0498047 0.0641019
0 0.896973 0.34668 0.206055 0.0390625 0.0641923
0 0.848145 0.220215 0.258789 0.0166016 0.0642558
0 0.719727 0.629883 0.220703 0.0292969 0.0642713
0 0.233887 0.0415039 0.176758 0.0634766 0.0642734
0 0.898438 0.285156 0.203125 0.0351562 0.065018
0 0.731934 0.157227 0.239258 0.0332031 0.0651919
0 0.972168 0.182129 0.0224609 0.0498047 0.0654415
0 0.275879 0.732422 0.192383 0.0683594 0.0656771
0 0.606934 0.097168 0.270508 0.0341797 0.0660116
0 0.95459 0.141602 0.0166016 0.0332031 0.0663136
0 0.693359 0.378418 0.201172 0.0888672 0.06662
0 0.515137 0.0327148 0.227539 0.0478516 0.0667356
0 0.727539 0.785645 0.166016 0.0400391 0.066917
0 0.245605 0.791016 0.21582 0.0625 0.0670529
0 0.436035 0.834473 0.483398 0.331055 0.0672595
0 0.722656 0.441895 0.162109 0.0576172 0.0673767
0 0.897461 0.316406 0.205078 0.0371094 0.0674508
0 0.407715 0.250488 0.227539 0.0341797 0.0676267
0 0.963379 0.150391 0.00878906 0.046875 0.0677157
0 0.882324 0.253906 0.235352 0.0175781 0.0682693
0 0.729004 0.187012 0.260742 0.0263672 0.0685205
0 0.734375 0.0683594 0.173828 0.0625 0.0687371
0 0.379395 0.28125 0.192383 0.0527344 0.06977
0 0.354004 0.0688477 0.198242 0.0576172 0.0703627
0 0.231445 0.0727539 0.167969 0.0498047 0.0704736
0 0.720703 0.599609 0.185547 0.03125 0.0706066
0 0.576172 0.0654297 0.248047 0.0371094 0.0707132
0 0.720703 0.660156 0.232422 0.0507812 0.0707633
0 0.726074 0.347168 0.223633 0.0517578 0.0708449
0 0.73291 0.129883 0.198242 0.0410156 0.0708981
0 0.288574 0.404785 0.209961 0.0791016 0.0711333
0 0.688477 0.253418 0.232422 0.0322266 0.0717068
0 0.846191 0.282715 0.239258 0.0283203 0.0724457
0 0.322754 0.890137 0.0888672 0.219727 0.0725399
0 0.244629 0.762207 0.213867 0.0615234 0.0728223
0 0.720215 0.535645 0.30957 0.0439453 0.0731435
0 0.724609 0.408691 0.183594 0.0654297 0.0732164
0 0.722168 0.283691 0.258789 0.0224609 0.0734902
0 0.962891 0.168457 0.0136719 0.0458984 0.0739512
0 0.691895 0.221191 0.225586 0.0341797 0.074171
0 0.727051 0.377441 0.192383 0.0517578 0.0744165
0 0.725098 0.755371 0.174805 0.0302734 0.0747971
0 0.733398 0.102051 0.175781 0.0537109 0.075333
0 0.720215 0.253418 0.245117 0.0166016 0.0767347
0 0.725586 0.220703 0.257812 0.0175781 0.0773739
0 0.848145 0.249023 0.243164 0.0253906 0.0791542
0 0.257812 0.279785 0.193359 0.0380859 0.0792296
0 0.287598 0.374512 0.180664 0.0888672 0.0802381
0 0.963379 0.174805 0.0263672 0.0527344 0.0822436
0 0.722656 0.315918 0.228516 0.0322266 0.0828576
0 0.290039 0.34082 0.158203 0.0878906 0.0830991
0 0.720215 0.723145 0.206055 0.0439453 0.0833159
0 0.722168 0.689941 0.22168 0.0478516 0.0851432
0 0.288574 0.309082 0.18457 0.0576172 0.0863799
0 0.955078 0.150391 0.00976562 0.0351562 0.0921463
0 0.956055 0.160156 0.00585938 0.0332031 0.0998322
0 0.955566 0.167969 0.0146484 0.0449219 0.129334
0 0.955078 0.150391 0.00976562 0.0351562 0.0921463
0 0.956055 0.160156 0.00585938 0.0332031 0.0998322
0 0.955566 0.167969 0.0146484 0.0449219 0.129334
