0 0.193359 0.192871 0.193359 0.0205078 0.0501155
0 0.599121 0.754883 0.231445 0.046875 0.0501533
0 0.476074 0.188477 0.256836 0.0488281 0.0501809
0 0.185059 0.537598 0.21582 0.0341797 0.0501965
0 0.0810547 0.881348 0.162109 0.112305 0.050403
0 0.479492 0.970703 0.205078 0.0585938 0.0504203
0 0.202148 0.100586 0.169922 0.0410156 0.0504303
0 0.344727 0.729004 0.246094 0.0791016 0.0505124
0 0.120117 0.633301 0.212891 0.0498047 0.050669
0 0.278809 0.229004 0.15332 0.0224609 0.0507481
0 0.0942383 0.165039 0.188477 0.078125 0.0507593
0 0.759277 0.685547 0.0986328 0.0410156 0.0507749
0 0.339844 0.759277 0.248047 0.0537109 0.0509053
0 0.248535 0.645508 0.208008 0.0488281 0.0510473
0 0.468262 0.600586 0.200195 0.0527344 0.0510681
0 0.171875 0.0371094 0.197266 0.0507812 0.051078
0 0.108398 0.226074 0.216797 0.0693359 0.051094
0 0.152832 0.734375 0.266602 0.0390625 0.0513158
0 0.600586 0.28125 0.167969 0.0800781 0.0514901
0 0.625 0.50293 0.230469 0.0351562 0.0514941
0 0.379395 0.787109 0.266602 0.0371094 0.0516303
0 0.0986328 0.605469 0.197266 0.0429688 0.0516884
0 0.313477 0.860352 0.466797 0.279297 0.051802
0 0.600098 0.660156 0.217773 0.0566406 0.0518682
0 0.336914 0.530762 0.599609 0.272461 0.0521659
0 0.43457 0.539062 0.251953 0.0410156 0.0521881
0 0.701172 0.878906 0.201172 0.136719 0.0522143
0 0.602051 0.436523 0.22168 0.0605469 0.0522842
0 0.632324 0.6875 0.217773 0.0566406 0.0523356
0 0.721191 0.442383 0.200195 0.0644531 0.0524488
0 0.378906 0.3125 0.259766 0.046875 0.0526896
0 0.109375 0.70166 0.21875 0.0185547 0.0529223
0 0.250488 0.606445 0.206055 0.0644531 0.0530884
0 0.110352 0.668945 0.220703 0.0273438 0.0531778
0 0.285645 0.163086 0.217773 0.0371094 0.0533355
0 0.473145 0.348145 0.237305 0.0537109 0.0535681
0 0.744629 0.407227 0.510742 0.257812 0.0535701
0 0.434082 0.748047 0.584961 0.376953 0.0536002
0 0.103516 0.761719 0.207031 0.0332031 0.0536411
0 0.79248 0.0678711 0.163086 0.0400391 0.0537611
0 0.130371 0.285645 0.196289 0.0263672 0.0537887
0 0.828125 0.034668 0.166016 0.0595703 0.0538993
0 0.344727 0.313965 0.261719 0.0244141 0.0538999
0 0.668945 0.125 0.205078 0.0625 0.0539955
0 0.628418 0.721191 0.227539 0.0576172 0.0540089
0 0.37793 0.28125 0.267578 0.03125 0.0540304
0 0.0693359 0.139648 0.138672 0.0917969 0.0540549
0 0.15332 0.472656 0.240234 0.0292969 0.0541618
0 0.416016 0.15625 0.259766 0.0371094 0.0544074
0 0.248047 0.261719 0.166016 0.0078125 0.0544878
0 0.193848 0.71582 0.239258 0.404297 0.0550324
0 0.465332 0.570312 0.198242 0.0507812 0.0551318
0 0.568359 0.313965 0.242188 0.0791016 0.0554115
0 0.59375 0.567871 0.220703 0.0400391 0.0554257
0 0.602539 0.881348 0.21875 0.110352 0.0555682
0 0.934082 0.0336914 0.131836 0.0673828 0.0559328
0 0.15918 0.250488 0.238281 0.0146484 0.0559331
0 0.130371 0.316895 0.211914 0.0322266 0.0560825
0 0.1875 0.256836 0.25 0.0117188 0.0561863
0 0.450684 0.0146484 0.223633 0.0292969 0.056621
0 0.121582 0.505371 0.213867 0.0419922 0.0568135
0 0.376465 0.253906 0.270508 0.0214844 0.0568491
0 0.193848 0.816406 0.362305 0.367188 0.0568822
0 0.105469 0.254883 0.210938 0.0507812 0.0570219
0 0.249023 0.737793 0.136719 0.0673828 0.0577462
0 0.248047 0.704102 0.162109 0.0664062 0.0578748
0 0.256348 0.806152 0.303711 0.22168 0.0578803
0 0.121094 0.540527 0.164062 0.0595703 0.0578812
0 0.204102 0.0668945 0.162109 0.0439453 0.0579511
0 0.759277 0.716797 0.102539 0.0371094 0.0580656
0 0.25 0.67627 0.216797 0.0771484 0.0582166
0 0.508301 0.128418 0.21582 0.0400391 0.0582391
0 0.719727 0.413574 0.201172 0.0830078 0.0582539
0 0.311035 0.34375 0.272461 0.0292969 0.0583099
0 0.264648 0.0136719 0.1875 0.0273438 0.0584161
0 0.53418 0.282715 0.253906 0.0400391 0.0588465
0 0.724121 0.504395 0.165039 0.0634766 0.0594377
0 0.282227 0.196289 0.212891 0.0292969 0.059492
0 0.4375 0.557617 0.302734 0.417969 0.0599314
0 0.191406 0.224609 0.222656 0.00976562 0.0600377
0 0.249023 0.228027 0.113281 0.0126953 0.0601635
0 0.154297 0.350586 0.236328 0.0175781 0.0603287
0 0.24707 0.288086 0.216797 0.0078125 0.0604215
0 0.105957 0.594727 0.170898 0.376953 0.0604311
0 0.112305 0.442383 0.224609 0.046875 0.0605324
0 0.693359 0.533203 0.179688 0.0761719 0.0607543
0 0.105957 0.286133 0.211914 0.0488281 0.0607675
0 0.0996094 0.550781 0.0742188 0.0585938 0.0610527
0 0.359375 0.0361328 0.251953 0.0507812 0.0611452
0 0.402344 0.727051 0.222656 0.0341797 0.0613565
0 0.722656 0.47168 0.197266 0.0546875 0.0616378
0 0.311035 0.376465 0.262695 0.0458984 0.0617825
0 0.251953 0.574707 0.193359 0.0615234 0.0618739
0 0.69873 0.781738 0.165039 0.0654297 0.0621105
0 0.117188 0.380859 0.234375 0.0429688 0.0621391
0 0.570801 0.0961914 0.208008 0.0615234 0.0622178
0 0.722168 0.381836 0.223633 0.0839844 0.0627004
0 0.18457 0.345703 0.259766 0.0117188 0.0628512
0 0.419922 0.125977 0.240234 0.0429688 0.062975
0 0.114258 0.411621 0.228516 0.0478516 0.0630138
0 0.250488 0.540527 0.194336 0.0419922 0.0630375
0 0.0908203 0.578125 0.181641 0.0566406 0.0631803
0 0.767578 0.0361328 0.193359 0.0488281 0.0632182
0 0.15625 0.410156 0.269531 0.0234375 0.0633672
0 0.187012 0.377441 0.256836 0.0166016 0.0634373
0 0.290527 0.130859 0.235352 0.0429688 0.0636182
0 0.66748 0.0942383 0.209961 0.0576172 0.0637076
0 0.731934 0.595703 0.133789 0.0839844 0.0637995
0 0.370605 0.571777 0.262695 0.0166016 0.0638388
0 0.376465 0.223145 0.25293 0.0166016 0.0641363
0 0.116699 0.730469 0.233398 0.0214844 0.0644291
0 0.378906 0.189941 0.273438 0.0283203 0.0645903
0 0.44873 0.0981445 0.254883 0.0576172 0.0648405
0 0.114746 0.317871 0.229492 0.0595703 0.065094
0 0.384766 0.0986328 0.244141 0.0410156 0.065126
0 0.515625 0.0336914 0.220703 0.0517578 0.0653998
0 0.695312 0.563965 0.191406 0.0908203 0.0656106
0 0.698242 0.625488 0.185547 0.108398 0.0656955
0 0.723145 0.319336 0.208008 0.0839844 0.0657945
0 0.690918 0.350586 0.19043 0.0859375 0.0659853
0 0.575195 0.0629883 0.203125 0.0576172 0.0661547
0 0.186035 0.314941 0.24707 0.00878906 0.0662733
0 0.509766 0.0649414 0.232422 0.0439453 0.0666976
0 0.609863 0.0317383 0.200195 0.0537109 0.0671268
0 0.35498 0.0664062 0.24707 0.0390625 0.0677625
0 0.249023 0.508789 0.212891 0.0273438 0.0679677
0 0.268555 0.0385742 0.173828 0.0478516 0.0682821
0 0.154297 0.439453 0.263672 0.0292969 0.0691322
0 0.263184 0.101074 0.15332 0.0400391 0.0697208
0 0.249023 0.475586 0.224609 0.03125 0.0701348
0 0.40625 0.508301 0.238281 0.0263672 0.0702281
0 0.186523 0.287109 0.267578 0.0136719 0.070945
0 0.729492 0.751953 0.109375 0.0507812 0.0732455
0 0.693359 0.285645 0.177734 0.104492 0.0735237
0 0.727539 0.226562 0.193359 0.0410156 0.0735375
0 0.119141 0.347656 0.238281 0.0566406 0.0738961
0 0.246582 0.317871 0.229492 0.0107422 0.0742291
0 0.265625 0.0693359 0.15625 0.0449219 0.0747847
0 0.731934 0.626465 0.133789 0.0693359 0.075969
0 0.725098 0.257812 0.21582 0.0644531 0.0766378
0 0.693359 0.750977 0.167969 0.0722656 0.0781219
0 0.250488 0.443359 0.204102 0.03125 0.0783882
0 0.248047 0.345703 0.240234 0.015625 0.079191
0 0.701172 0.0380859 0.199219 0.0644531 0.079496
0 0.252441 0.405762 0.204102 0.0302734 0.0799801
0 0.727539 0.160645 0.203125 0.0361328 0.0800471
0 0.448242 0.0419922 0.205078 0.0429688 0.0819541
0 0.727051 0.193848 0.19043 0.0322266 0.0820129
0 0.445312 0.0703125 0.207031 0.0449219 0.0821193
0 0.667969 0.0649414 0.201172 0.0478516 0.0825006
0 0.367676 0.544922 0.276367 0.0253906 0.082652
0 0.250488 0.375977 0.235352 0.0253906 0.0827781
0 0.727051 0.133301 0.211914 0.0380859 0.0844412
0 0.730469 0.655762 0.128906 0.0751953 0.0867093
0 0.728516 0.686035 0.123047 0.0634766 0.088842
0 0.692871 0.717285 0.168945 0.0771484 0.0894506
0 0.726074 0.719238 0.124023 0.0517578 0.0913485
0 0.725586 0.103516 0.199219 0.0371094 0.0951048
0 0.728516 0.0712891 0.193359 0.0390625 0.0997285
0 0.726074 0.719238 0.124023 0.0517578 0.0913485
0 0.725586 0.103516 0.199219 0.0371094 0.0951048
0 0.728516 0.0712891 0.193359 0.0390625 0.0997285
