0 0.162109 0.624512 0.177734 0.0634766 0.0500484
0 0.875488 0.661133 0.21582 0.0722656 0.0501683
0 0.4375 0.603516 0.216797 0.0351562 0.0501967
0 0.928223 0.56543 0.143555 0.0859375 0.0502018
0 0.634766 0.498535 0.228516 0.104492 0.0502071
0 0.109863 0.883789 0.219727 0.0878906 0.0502154
0 0.78125 0.65918 0.228516 0.0429688 0.0502197
0 0.783203 0.37793 0.195312 0.0292969 0.0502252
0 0.383301 0.44043 0.237305 0.0878906 0.0506032
0 0.782715 0.62793 0.229492 0.0351562 0.0508614
0 0.104492 0.760254 0.208984 0.0419922 0.0509307
0 0.813965 0.31543 0.233398 0.0214844 0.0510291
0 0.470703 0.56543 0.210938 0.0351562 0.0510821
0 0.657227 0.348633 0.238281 0.0332031 0.051108
0 0.880859 0.442871 0.199219 0.0615234 0.0511803
0 0.104492 0.791016 0.208984 0.0507812 0.0513073
0 0.569336 0.375 0.226562 0.0546875 0.0516769
0 0.629883 0.157227 0.322266 0.03125 0.0517303
0 0.261719 0.408203 0.189453 0.0878906 0.0517628
0 0.442383 0.505371 0.224609 0.0595703 0.0519112
0 0.382324 0.890137 0.147461 0.219727 0.0523593
0 0.346191 0.660156 0.204102 0.0605469 0.0524182
0 0.513672 0.882812 0.238281 0.119141 0.0525139
0 0.882812 0.1875 0.189453 0.0566406 0.0526613
0 0.598633 0.130859 0.291016 0.0429688 0.0527009
0 0.51416 0.0947266 0.25293 0.0527344 0.0527597
0 0.604492 0.468262 0.222656 0.0732422 0.0527782
0 0.881836 0.532715 0.220703 0.0576172 0.0528179
0 0.597656 0.629883 0.205078 0.0410156 0.0528925
0 0.905762 0.412109 0.188477 0.0585938 0.0529849
0 0.479004 0.3125 0.211914 0.046875 0.0531357
0 0.761719 0.0175781 0.203125 0.0351562 0.0532812
0 0.689453 0.856445 0.0292969 0.0449219 0.0533194
0 0.257324 0.755371 0.118164 0.0537109 0.0535007
0 0.38623 0.24707 0.166992 0.0683594 0.0535602
0 0.73291 0.944824 0.178711 0.0947266 0.0537462
0 0.0893555 0.944824 0.178711 0.0947266 0.0538893
0 0.60498 0.436523 0.227539 0.0644531 0.0539101
0 0.474609 0.347168 0.214844 0.0458984 0.0539419
0 0.246094 0.504883 0.25 0.0664062 0.0539507
0 0.918945 0.692871 0.162109 0.0791016 0.0539635
0 0.446289 0.47168 0.230469 0.0976562 0.0540386
0 0.258301 0.378418 0.149414 0.0966797 0.0542482
0 0.285156 0.726074 0.142578 0.108398 0.0544372
0 0.251953 0.62793 0.214844 0.0507812 0.0544988
0 0.316895 0.689941 0.151367 0.0888672 0.0545018
0 0.882324 0.504395 0.217773 0.0634766 0.0545159
0 0.260742 0.278809 0.132812 0.0986328 0.0545873
0 0.846191 0.376953 0.22168 0.0546875 0.0545919
0 0.387695 0.280273 0.185547 0.0800781 0.0546044
0 0.927734 0.438965 0.144531 0.0830078 0.0547485
0 0.341797 0.585449 0.683594 0.21582 0.0547634
0 0.573242 0.404785 0.232422 0.0576172 0.0547872
0 0.441406 0.722656 0.185547 0.0566406 0.055132
0 0.403809 0.573242 0.19043 0.0507812 0.0553167
0 0.924805 0.628906 0.150391 0.078125 0.0555133
0 0.689453 0.86084 0.408203 0.27832 0.0555709
0 0.881348 0.220703 0.18457 0.0390625 0.0555836
0 0.728516 0.883301 0.273438 0.0810547 0.0558178
0 0.445312 0.378418 0.230469 0.0634766 0.0559142
0 0.163086 0.562988 0.205078 0.0517578 0.0560463
0 0.447266 0.279785 0.191406 0.0595703 0.0562638
0 0.0834961 0.657227 0.166992 0.0566406 0.0563017
0 0.927734 0.661621 0.144531 0.100586 0.0563676
0 0.447266 0.409668 0.232422 0.0751953 0.0564646
0 0.0996094 0.913086 0.199219 0.101562 0.0569908
0 0.514648 0.0644531 0.224609 0.0585938 0.0570995
0 0.73584 0.0356445 0.202148 0.0712891 0.0573358
0 0.475586 0.248535 0.205078 0.0341797 0.0573384
0 0.904297 0.377441 0.191406 0.0712891 0.0574359
0 0.657227 0.31543 0.226562 0.0332031 0.0575037
0 0.932129 0.88623 0.135742 0.0517578 0.0575977
0 0.659668 0.222656 0.231445 0.0332031 0.0579625
0 0.880859 0.563477 0.21875 0.0703125 0.058005
0 0.720703 0.756348 0.181641 0.0791016 0.0581383
0 0.0825195 0.530273 0.165039 0.103516 0.0582102
0 0.377441 0.690918 0.139648 0.0849609 0.0583312
0 0.723145 0.692383 0.166992 0.078125 0.0584286
0 0.272949 0.833984 0.545898 0.332031 0.0586683
0 0.854492 0.983887 0.107422 0.0322266 0.0587609
0 0.882324 0.472656 0.198242 0.0703125 0.0588985
0 0.258789 0.693359 0.140625 0.115234 0.0589871
0 0.439941 0.689941 0.182617 0.0654297 0.0594303
0 0.878906 0.344727 0.191406 0.0527344 0.0596306
0 0.725098 0.162109 0.217773 0.0722656 0.0596839
0 0.784668 0.255859 0.239258 0.03125 0.0597232
0 0.783203 0.285156 0.220703 0.0253906 0.0598578
0 0.779785 0.749512 0.44043 0.333008 0.060012
0 0.875488 0.283203 0.188477 0.0371094 0.0601449
0 0.253418 0.477051 0.22168 0.0830078 0.060381
0 0.875 0.25293 0.175781 0.0292969 0.0604487
0 0.247559 0.532227 0.286133 0.0410156 0.0605336
0 0.385254 0.312012 0.19043 0.0615234 0.0610339
0 0.0839844 0.593262 0.167969 0.0751953 0.0611803
0 0.657715 0.190918 0.258789 0.0361328 0.0615044
0 0.727051 0.661133 0.157227 0.0683594 0.0616562
0 0.597168 0.101074 0.264648 0.0419922 0.0620837
0 0.247559 0.912109 0.239258 0.0703125 0.0621196
0 0.876953 0.313965 0.212891 0.0478516 0.0621248
0 0.603027 0.0336914 0.27832 0.0439453 0.062138
0 0.876465 0.628906 0.217773 0.0664062 0.0622529
0 0.287109 0.660156 0.183594 0.0859375 0.0627423
0 0.729492 0.127441 0.238281 0.0556641 0.0628007
0 0.0883789 0.624512 0.176758 0.0615234 0.0628048
0 0.597656 0.0664062 0.287109 0.0488281 0.0628689
0 0.383789 0.344727 0.1875 0.0585938 0.0634926
0 0.258789 0.441895 0.199219 0.0947266 0.0636987
0 0.246582 0.59375 0.256836 0.0449219 0.0639109
0 0.312012 0.535156 0.272461 0.0742188 0.0644654
0 0.722168 0.411621 0.200195 0.0341797 0.0652218
0 0.37793 0.722656 0.144531 0.0742188 0.0660974
0 0.720215 0.723633 0.180664 0.0859375 0.0663093
0 0.735352 0.0957031 0.228516 0.0820312 0.0664693
0 0.719238 0.385254 0.213867 0.0263672 0.0666287
0 0.733887 0.0654297 0.192383 0.0625 0.0668787
0 0.785156 0.225586 0.216797 0.0253906 0.0672178
0 0.878906 0.596191 0.212891 0.0791016 0.0673253
0 0.193848 0.88623 0.206055 0.0927734 0.0674231
0 0.258789 0.344238 0.123047 0.0966797 0.0675154
0 0.106934 0.562988 0.168945 0.0966797 0.0675613
0 0.672363 0.858887 0.0380859 0.0361328 0.0678511
0 0.255859 0.888184 0.162109 0.0810547 0.0701077
0 0.726562 0.536621 0.199219 0.0517578 0.0704333
0 0.312012 0.600098 0.249023 0.0302734 0.0716611
0 0.722656 0.229492 0.175781 0.03125 0.0732238
0 0.725098 0.628906 0.168945 0.0605469 0.073382
0 0.724121 0.566406 0.186523 0.0410156 0.0734468
0 0.724609 0.597656 0.173828 0.0449219 0.0753293
0 0.722168 0.193848 0.186523 0.0576172 0.0761878
0 0.71875 0.354004 0.201172 0.0263672 0.0772222
0 0.725586 0.438477 0.181641 0.0449219 0.0838468
0 0.727051 0.501953 0.18457 0.0703125 0.0841017
0 0.308105 0.563965 0.286133 0.0283203 0.0853743
0 0.729004 0.47168 0.192383 0.0625 0.086254
0 0.719727 0.288574 0.212891 0.0341797 0.0867213
0 0.71582 0.320312 0.181641 0.0292969 0.0884162
0 0.688965 0.256348 0.235352 0.0341797 0.092311
0 0.688965 0.256348 0.235352 0.0341797 0.092311
