0 0.0952148 0.852051 0.19043 0.0693359 0.0502223
0 0.838867 0.361816 0.251953 0.0634766 0.0502726
0 0.259277 0.317383 0.19043 0.0625 0.0502932
0 0.35498 0.942871 0.237305 0.0634766 0.0503703
0 0.125977 0.473633 0.214844 0.0371094 0.0503807
0 0.164551 0.940918 0.194336 0.0615234 0.0505473
0 0.605957 0.0620117 0.250977 0.0869141 0.0507508
0 0.703125 0.0195312 0.175781 0.0390625 0.0508269
0 0.872559 0.39502 0.161133 0.0693359 0.0508985
0 0.26123 0.0986328 0.204102 0.078125 0.0509555
0 0.286133 0.349609 0.236328 0.0683594 0.0510323
0 0.26123 0.945312 0.209961 0.09375 0.0511518
0 0.879395 0.377441 0.241211 0.258789 0.0511733
0 0.103027 0.724121 0.206055 0.0458984 0.0513751
0 0.688477 0.725098 0.220703 0.0458984 0.0516319
0 0.354004 0.0708008 0.202148 0.0654297 0.0518156
0 0.279297 0.726074 0.212891 0.0322266 0.0520181
0 0.351074 0.279297 0.200195 0.0703125 0.052093
0 0.278809 0.695801 0.161133 0.0419922 0.0522859
0 0.765625 0.0712891 0.142578 0.0722656 0.0525769
0 0.384277 0.725098 0.0419922 0.00488281 0.0526448
0 0.456055 0.0366211 0.208984 0.0732422 0.0526629
0 0.883301 0.129395 0.188477 0.0498047 0.0527587
0 0.103516 0.755371 0.207031 0.0341797 0.0528156
0 0.891602 0.225586 0.216797 0.0507812 0.0528679
0 0.731445 0.847656 0.132812 0.09375 0.0530394
0 0.101562 0.692383 0.203125 0.0410156 0.0531301
0 0.285156 0.381348 0.205078 0.0712891 0.0532945
0 0.108887 0.943359 0.161133 0.078125 0.0537398
0 0.912109 0.100098 0.175781 0.0615234 0.0537786
0 0.719238 0.628906 0.204102 0.0507812 0.0538796
0 0.289062 0.0385742 0.269531 0.0771484 0.0539116
0 0.689941 0.660156 0.178711 0.0664062 0.0541508
0 0.399414 0.553711 0.0371094 0.0507812 0.0542991
0 0.0961914 0.476562 0.192383 0.0566406 0.0544222
0 0.256348 0.445312 0.192383 0.0566406 0.0544623
0 0.257812 0.416016 0.210938 0.0742188 0.0544629
0 0.0942383 0.507324 0.188477 0.0458984 0.0546169
0 0.545898 0.937988 0.177734 0.0927734 0.0547323
0 0.404297 0.558594 0.320312 0.382812 0.0549401
0 0.471191 0.282715 0.194336 0.0537109 0.0552106
0 0.257812 0.817383 0.222656 0.0527344 0.0555788
0 0.0898438 0.538574 0.179688 0.0302734 0.0555887
0 0.212891 0.613281 0.0722656 0.382812 0.0558047
0 0.700195 0.876465 0.166016 0.110352 0.0558458
0 0.0952148 0.879883 0.19043 0.078125 0.0560723
0 0.601562 0.0996094 0.261719 0.0703125 0.0561075
0 0.257324 0.882812 0.178711 0.0839844 0.0561742
0 0.312012 0.926758 0.624023 0.146484 0.0563298
0 0.54248 0.964355 0.157227 0.0712891 0.0563421
0 0.782715 0.633789 0.258789 0.0332031 0.0567308
0 0.338867 0.698242 0.179688 0.0175781 0.0568165
0 0.279785 0.661133 0.15332 0.046875 0.0576931
0 0.566895 0.28125 0.19043 0.0507812 0.0577218
0 0.257324 0.0170898 0.250977 0.0341797 0.0581104
0 0.69043 0.37793 0.255859 0.0761719 0.058462
0 0.280273 0.755859 0.228516 0.0234375 0.0585164
0 0.464844 0.800781 0.556641 0.398438 0.0585824
0 0.11084 0.910156 0.213867 0.0839844 0.0585966
0 0.696289 0.78125 0.162109 0.0527344 0.0591044
0 0.243164 0.640137 0.0996094 0.415039 0.0592806
0 0.692383 0.438477 0.234375 0.0820312 0.0596242
0 0.689941 0.407715 0.254883 0.0693359 0.0597978
0 0.694336 0.503418 0.214844 0.0966797 0.060006
0 0.569336 0.312988 0.181641 0.0732422 0.0600231
0 0.693359 0.34668 0.263672 0.0878906 0.0601554
0 0.735352 0.0395508 0.148438 0.0791016 0.0602771
0 0.723633 0.538086 0.224609 0.0722656 0.0609187
0 0.688965 0.691406 0.194336 0.0546875 0.0609982
0 0.190918 0.641113 0.0126953 0.125977 0.0610009
0 0.913574 0.192383 0.172852 0.0449219 0.062088
0 0.255371 0.850098 0.202148 0.0849609 0.0623218
0 0.371094 0.686035 0.730469 0.34082 0.0629573
0 0.231445 0.134766 0.462891 0.269531 0.0635953
0 0.690918 0.31543 0.241211 0.078125 0.064154
0 0.691895 0.471191 0.235352 0.0751953 0.0642685
0 0.696289 0.164062 0.208984 0.0625 0.0645921
0 0.696777 0.0981445 0.209961 0.0830078 0.0648799
0 0.716309 0.696289 0.198242 0.0273438 0.065335
0 0.336914 0.66748 0.1875 0.0263672 0.0654519
0 0.696777 0.130371 0.202148 0.0751953 0.065757
0 0.69873 0.0683594 0.170898 0.0976562 0.0657827
0 0.720215 0.567871 0.200195 0.0791016 0.0660274
0 0.185547 0.0146484 0.248047 0.0292969 0.0662045
0 0.850586 0.376465 0.00390625 0.143555 0.0682502
0 0.779297 0.662598 0.195312 0.0361328 0.0686669
0 0.255371 0.784668 0.202148 0.0341797 0.0692237
0 0.815918 0.404785 0.368164 0.401367 0.0695233
0 0.693359 0.19873 0.220703 0.0537109 0.070749
0 0.694824 0.254395 0.192383 0.0673828 0.071322
0 0.693848 0.228516 0.209961 0.0488281 0.0721761
0 0.720703 0.598633 0.185547 0.0507812 0.0723214
0 0.69043 0.284668 0.236328 0.0810547 0.074919
0 0.0825195 0.328125 0.165039 0.0703125 0.0757496
0 0.247559 0.0209961 0.0634766 0.0419922 0.0768106
0 0.0898438 0.297852 0.179688 0.0566406 0.0770216
0 0.200684 0.0283203 0.0751953 0.0566406 0.0913247
0 0.200684 0.0283203 0.0751953 0.0566406 0.0913247
