0 0.781738 0.0893555 0.0302734 0.0419922 0.107023
0 0.348633 0.529785 0.199219 0.0556641 0.0500066
0 0.104004 0.660645 0.208008 0.0517578 0.0500559
0 0.100098 0.915527 0.200195 0.106445 0.0501668
0 0.447754 0.907227 0.245117 0.0625 0.0502024
0 0.350586 0.468262 0.222656 0.0654297 0.0502249
0 0.106445 0.694336 0.212891 0.046875 0.0502339
0 0.52832 0.725586 0.224609 0.0273438 0.0504119
0 0.510254 0.442871 0.211914 0.0341797 0.0505124
0 0.731934 0.193848 0.270508 0.0107422 0.0506055
0 0.939453 0.0131836 0.0820312 0.00292969 0.0506584
0 0.102539 0.468262 0.177734 0.0654297 0.0506707
0 0.885742 0.192383 0.228516 0.0175781 0.0507203
0 0.512207 0.314453 0.19043 0.0410156 0.0507495
0 0.0805664 0.760254 0.161133 0.0478516 0.0508585
0 0.32373 0.0615234 0.143555 0.0976562 0.0509024
0 0.882812 0.283691 0.234375 0.00878906 0.0509526
0 0.53125 0.691406 0.271484 0.0410156 0.05096
0 0.527832 0.758789 0.223633 0.0253906 0.0510446
0 0.952637 0.16748 0.00683594 0.0439453 0.051082
0 0.265137 0.835938 0.530273 0.277344 0.0512139
0 0.94873 0.539062 0.102539 0.0351562 0.0513423
0 0.320312 0.375 0.164062 0.0605469 0.051376
0 0.195801 0.945312 0.172852 0.0605469 0.0514139
0 0.507324 0.349121 0.223633 0.0283203 0.0514139
0 0.655762 0.481934 0.313477 0.0263672 0.0515625
0 0.504395 0.535645 0.219727 0.0361328 0.0515865
0 0.347168 0.624023 0.243164 0.0722656 0.0517444
0 0.947266 0.0405273 0.0214844 0.0107422 0.0518407
0 0.87793 0.691895 0.226562 0.0341797 0.0518698
0 0.512695 0.0620117 0.128906 0.116211 0.052093
0 0.286621 0.409668 0.196289 0.0947266 0.0520985
0 0.0800781 0.773926 0.160156 0.452148 0.0521433
0 0.634766 0.813477 0.228516 0.0605469 0.0521451
0 0.95459 0.141602 0.0185547 0.0292969 0.0522269
0 0.568359 0.383789 0.234375 0.0292969 0.0522901
0 0.820312 0.0688477 0.0351562 0.0263672 0.0523725
0 0.664551 0.781738 0.219727 0.0419922 0.0525623
0 0.812988 0.576172 0.235352 0.0585938 0.0527691
0 0.26416 0.943359 0.163086 0.0742188 0.0529288
0 0.789062 0.813965 0.197266 0.0556641 0.0530623
0 0.108887 0.795898 0.217773 0.0488281 0.0530848
0 0.160156 0.562988 0.207031 0.0498047 0.0532446
0 0.730469 0.163086 0.273438 0.0117188 0.0532452
0 0.879883 0.157715 0.240234 0.0146484 0.0535134
0 0.161621 0.530273 0.182617 0.0507812 0.0535338
0 0.253906 0.596191 0.228516 0.0458984 0.0535955
0 0.851074 0.254395 0.239258 0.00878906 0.0536987
0 0.942383 0.783203 0.115234 0.0605469 0.0538936
0 0.939453 0.0292969 0.0214844 0.00585938 0.0540584
0 0.123047 0.727051 0.203125 0.0341797 0.0541496
0 0.757812 0.132324 0.271484 0.0166016 0.0542719
0 0.29248 0.844238 0.227539 0.0927734 0.054274
0 0.25293 0.687988 0.201172 0.0458984 0.0542768
0 0.815918 0.663086 0.243164 0.0292969 0.0543432
0 0.505859 0.378906 0.208984 0.0332031 0.0547251
0 0.877441 0.537598 0.245117 0.0244141 0.0549617
0 0.381836 0.845703 0.25 0.0429688 0.0549908
0 0.933105 0.65625 0.133789 0.0527344 0.0550716
0 0.829102 0.0649414 0.230469 0.0205078 0.0551356
0 0.904785 0.0332031 0.19043 0.0175781 0.055144
0 0.318848 0.438965 0.194336 0.0849609 0.05533
0 0.476074 0.880371 0.276367 0.0771484 0.0554775
0 0.081543 0.962402 0.163086 0.0751953 0.0555495
0 0.152832 0.692871 0.186523 0.0302734 0.0555621
0 0.507324 0.472656 0.208008 0.0351562 0.0556088
0 0.475586 0.849609 0.261719 0.0625 0.0556219
0 0.846191 0.723633 0.231445 0.0253906 0.0557742
0 0.928711 0.320312 0.142578 0.0175781 0.055824
0 0.650879 0.0336914 0.286133 0.0419922 0.0558866
0 0.847656 0.418457 0.273438 0.0341797 0.0559701
0 0.652832 0.30127 0.694336 0.602539 0.0560438
0 0.938965 0.0385742 0.0322266 0.00683594 0.0561481
0 0.628906 0.355957 0.253906 0.0205078 0.0563845
0 0.714844 0.479492 0.208984 0.0605469 0.0563911
0 0.505859 0.501953 0.205078 0.0351562 0.0565771
0 0.819824 0.222168 0.256836 0.0107422 0.0569001
0 0.813477 0.0952148 0.0253906 0.0263672 0.0569322
0 0.717773 0.39502 0.195312 0.0478516 0.0572081
0 0.931641 0.0209961 0.0390625 0.00488281 0.0572582
0 0.847656 0.753418 0.224609 0.0302734 0.0573317
0 0.813965 0.635742 0.204102 0.0253906 0.0577647
0 0.637207 0.842773 0.268555 0.0507812 0.0578386
0 0.825684 0.0375977 0.241211 0.0185547 0.0580956
0 0.945312 0.752441 0.109375 0.0634766 0.0583344
0 0.813965 0.60791 0.213867 0.0341797 0.058499
0 0.919434 0.351074 0.161133 0.0205078 0.0585468
0 0.723145 0.461426 0.358398 0.405273 0.0586399
0 0.827148 0.0942383 0.253906 0.0146484 0.0591518
0 0.62793 0.663574 0.248047 0.0458984 0.0591713
0 0.257324 0.466309 0.209961 0.0634766 0.0594124
0 0.924805 0.627441 0.150391 0.0595703 0.059444
0 0.955566 0.0419922 0.0205078 0.0195312 0.0595037
0 0.84668 0.350586 0.265625 0.0214844 0.0596025
0 0.658691 0.508789 0.319336 0.0332031 0.0596265
0 0.84375 0.483398 0.261719 0.0351562 0.0598223
0 0.899902 0.570312 0.200195 0.0273438 0.0601221
0 0.59375 0.725586 0.208984 0.0390625 0.0603959
0 0.879395 0.601562 0.229492 0.0351562 0.0604354
0 0.921387 0.445312 0.157227 0.0390625 0.0604507
0 0.88623 0.381836 0.227539 0.0234375 0.0607004
0 0.878418 0.0961914 0.243164 0.00878906 0.0608546
0 0.352539 0.875488 0.263672 0.0537109 0.0608981
0 0.666992 0.226562 0.261719 0.00976562 0.061026
0 0.597168 0.449219 0.217773 0.0292969 0.0610629
0 0.870605 0.129883 0.258789 0.0078125 0.0613032
0 0.28418 0.563477 0.203125 0.0625 0.0615285
0 0.566895 0.413574 0.204102 0.0380859 0.0615493
0 0.264648 0.879883 0.205078 0.103516 0.0615544
0 0.635254 0.875 0.262695 0.0566406 0.0615669
0 0.844727 0.44873 0.259766 0.0361328 0.061603
0 0.779297 0.755371 0.203125 0.0244141 0.0617811
0 0.881836 0.65918 0.220703 0.0390625 0.0618887
0 0.880371 0.631836 0.219727 0.0332031 0.0620979
0 0.783691 0.442383 0.22168 0.0625 0.0623457
0 0.905762 0.750977 0.188477 0.046875 0.0623739
0 0.596191 0.322266 0.233398 0.03125 0.0625532
0 0.627441 0.570312 0.295898 0.0273438 0.0628079
0 0.92334 0.6875 0.15332 0.0410156 0.063136
0 0.911133 0.783691 0.177734 0.0673828 0.063231
0 0.781738 0.695312 0.227539 0.0234375 0.0634217
0 0.896973 0.0703125 0.206055 0.0136719 0.0634441
0 0.918945 0.59668 0.162109 0.0429688 0.0636954
0 0.625977 0.601562 0.273438 0.0371094 0.0640716
0 0.572754 0.253906 0.145508 0.0390625 0.064565
0 0.922363 0.719238 0.155273 0.0341797 0.0645759
0 0.626465 0.692871 0.237305 0.0517578 0.0648749
0 0.733887 0.941406 0.200195 0.0800781 0.0649333
0 0.600098 0.287109 0.227539 0.0273438 0.0649712
0 0.759277 0.224121 0.25293 0.00488281 0.0658484
0 0.813477 0.0800781 0.03125 0.0273438 0.0660145
0 0.782227 0.391113 0.208984 0.0361328 0.0666552
0 0.918457 0.412109 0.163086 0.0351562 0.067045
0 0.286133 0.247559 0.140625 0.0927734 0.0672404
0 0.719727 0.359375 0.236328 0.03125 0.0675221
0 0.920898 0.476074 0.158203 0.0361328 0.0677844
0 0.254883 0.756348 0.175781 0.0498047 0.0678151
0 0.250488 0.722656 0.196289 0.046875 0.0679842
0 0.718262 0.571777 0.276367 0.0361328 0.0681094
0 0.92041 0.507324 0.15918 0.0400391 0.0681119
0 0.728027 0.820312 0.19043 0.0605469 0.0681573
0 0.962891 0.0424805 0.015625 0.0166016 0.0682002
0 0.789551 0.251465 0.24707 0.00878906 0.0682349
0 0.850586 0.280273 0.228516 0.0117188 0.0686397
0 0.28418 0.498047 0.191406 0.0761719 0.0689621
0 0.257812 0.37793 0.166016 0.0917969 0.0692201
0 0.283691 0.53125 0.200195 0.0703125 0.0698602
0 0.258789 0.789062 0.162109 0.0664062 0.0700308
0 0.628418 0.631836 0.241211 0.0449219 0.0702098
0 0.788086 0.474609 0.236328 0.0664062 0.070282
0 0.750488 0.538574 0.268555 0.0595703 0.072294
0 0.756836 0.256836 0.246094 0.00585938 0.0727837
0 0.722168 0.756348 0.18457 0.0322266 0.073458
0 0.791016 0.0927734 0.0136719 0.0136719 0.0740619
0 0.693359 0.254395 0.296875 0.0107422 0.0746843
0 0.658203 0.538574 0.332031 0.0380859 0.0753418
0 0.724609 0.788086 0.167969 0.0410156 0.0756925
0 0.260254 0.3125 0.116211 0.0917969 0.0757538
0 0.720215 0.604492 0.262695 0.0390625 0.0760342
0 0.256836 0.34375 0.146484 0.0800781 0.0761067
0 0.780762 0.509766 0.239258 0.0664062 0.0768772
0 0.750488 0.422363 0.18457 0.0634766 0.0769567
0 0.971191 0.0429688 0.0166016 0.0234375 0.0773584
0 0.725098 0.227051 0.260742 0.00488281 0.0775777
0 0.726562 0.259277 0.253906 0.00683594 0.0778092
0 0.849121 0.314453 0.233398 0.0117188 0.0779032
0 0.729492 0.911621 0.212891 0.0693359 0.0795013
0 0.729004 0.850098 0.229492 0.0537109 0.0795646
0 0.72168 0.726562 0.21875 0.0371094 0.0808998
0 0.782715 0.09375 0.00683594 0.03125 0.0851227
0 0.785156 0.316895 0.199219 0.0244141 0.0852247
0 0.728516 0.880371 0.220703 0.0595703 0.0858137
0 0.787598 0.282227 0.213867 0.0175781 0.0861549
0 0.713379 0.453125 0.213867 0.0585938 0.0889825
0 0.720703 0.322266 0.25 0.0195312 0.0895185
0 0.722656 0.635254 0.261719 0.0302734 0.0901214
0 0.725098 0.666504 0.258789 0.0361328 0.0927621
0 0.8125 0.0893555 0.0410156 0.0283203 0.0931523
0 0.724121 0.696777 0.24707 0.0341797 0.0933637
0 0.722656 0.285645 0.279297 0.0107422 0.0975495
0 0.791016 0.0859375 0.0546875 0.0234375 0.0976227
0 0.781738 0.0893555 0.0302734 0.0419922 0.107023
0 0.722656 0.635254 0.261719 0.0302734 0.0901214
0 0.725098 0.666504 0.258789 0.0361328 0.0927621
0 0.8125 0.0893555 0.0410156 0.0283203 0.0931523
0 0.724121 0.696777 0.24707 0.0341797 0.0933637
0 0.722656 0.285645 0.279297 0.0107422 0.0975495
0 0.791016 0.0859375 0.0546875 0.0234375 0.0976227
0 0.781738 0.0893555 0.0302734 0.0419922 0.107023
