0 0.686035 0.835938 0.362305 0.310547 0.0501188
0 0.12207 0.72998 0.1875 0.0361328 0.0502173
0 0.807617 0.0961914 0.0351562 0.0205078 0.0506491
0 0.790039 0.407715 0.214844 0.0419922 0.0506571
0 0.0805664 0.537598 0.161133 0.0537109 0.0508977
0 0.244629 0.635742 0.192383 0.0605469 0.0509401
0 0.316406 0.814453 0.167969 0.177734 0.0510889
0 0.441406 0.194336 0.0800781 0.388672 0.0510987
0 0.943359 0.664062 0.113281 0.046875 0.0511618
0 0.34668 0.503418 0.246094 0.0380859 0.0511695
0 0.759766 0.374512 0.199219 0.0478516 0.0512699
0 0.267578 0.593262 0.535156 0.194336 0.0514648
0 0.694336 0.192383 0.230469 0.0507812 0.0519012
0 0.694824 0.910645 0.213867 0.102539 0.0520393
0 0.754883 0.598145 0.169922 0.0361328 0.0520895
0 0.0805664 0.569336 0.161133 0.0488281 0.0520954
0 0.251465 0.442871 0.245117 0.0673828 0.0521539
0 0.915527 0.912109 0.168945 0.0546875 0.0522145
0 0.755859 0.629395 0.164062 0.0341797 0.0524053
0 0.761719 0.963379 0.150391 0.0732422 0.052589
0 0.786621 0.439453 0.208008 0.0507812 0.05297
0 0.283691 0.682129 0.37793 0.364258 0.0533337
0 0.633301 0.528809 0.237305 0.0537109 0.0533572
0 0.924805 0.0654297 0.150391 0.0703125 0.0534453
0 0.250488 0.289062 0.166992 0.03125 0.0534501
0 0.540039 0.406738 0.279297 0.0380859 0.0534712
0 0.446289 0.438965 0.232422 0.0595703 0.0539448
0 0.664551 0.657227 0.180664 0.0722656 0.0539863
0 0.415039 0.469238 0.201172 0.0751953 0.0543326
0 0.411621 0.564941 0.213867 0.0537109 0.0544733
0 0.629395 0.75293 0.196289 0.0390625 0.0547523
0 0.604004 0.130859 0.241211 0.0585938 0.0547773
0 0.470215 0.799316 0.350586 0.366211 0.0549004
0 0.908203 0.577148 0.164062 0.0351562 0.0550041
0 0.724121 0.164062 0.241211 0.046875 0.0550766
0 0.725586 0.134277 0.244141 0.0634766 0.0551022
0 0.876953 0.784668 0.181641 0.0634766 0.0551489
0 0.877441 0.753418 0.18457 0.0556641 0.0552278
0 0.894531 0.720215 0.210938 0.0478516 0.0552665
0 0.248535 0.322266 0.18457 0.0332031 0.0552986
0 0.600098 0.78418 0.229492 0.03125 0.0556284
0 0.894043 0.687988 0.211914 0.0517578 0.0556854
0 0.793945 0.591797 0.412109 0.3125 0.0558757
0 0.791504 0.3125 0.172852 0.0410156 0.0559257
0 0.875 0.591309 0.25 0.47168 0.0561691
0 0.729004 0.043457 0.211914 0.0634766 0.056182
0 0.506836 0.532715 0.224609 0.0791016 0.0564432
0 0.0791016 0.633301 0.158203 0.0556641 0.0565476
0 0.476074 0.884277 0.209961 0.0771484 0.0569324
0 0.285156 0.791504 0.0410156 0.0791016 0.0570153
0 0.414062 0.499023 0.183594 0.0664062 0.0570533
0 0.412598 0.531738 0.206055 0.0576172 0.0571512
0 0.725098 0.104492 0.245117 0.0722656 0.0575287
0 0.162109 0.856445 0.324219 0.287109 0.0585771
0 0.601562 0.102051 0.234375 0.0673828 0.0586039
0 0.275391 0.569824 0.185547 0.0361328 0.0593138
0 0.474121 0.408691 0.233398 0.0615234 0.0593174
0 0.663574 0.6875 0.188477 0.0585938 0.0597699
0 0.541992 0.437012 0.240234 0.0556641 0.059798
0 0.601562 0.495117 0.220703 0.0585938 0.0598174
0 0.600586 0.464355 0.236328 0.0498047 0.0611066
0 0.478027 0.467773 0.194336 0.0917969 0.0612431
0 0.0786133 0.601562 0.157227 0.0625 0.06187
0 0.693359 0.223633 0.220703 0.0390625 0.0620432
0 0.598633 0.0717773 0.248047 0.0654297 0.0639851
0 0.694824 0.81543 0.194336 0.0800781 0.0642486
0 0.693359 0.594727 0.177734 0.0664062 0.064815
0 0.539551 0.495605 0.194336 0.0791016 0.064933
0 0.726562 0.851074 0.193359 0.0634766 0.0650019
0 0.727051 0.074707 0.237305 0.0751953 0.0650271
0 0.697266 0.84668 0.234375 0.115234 0.0650833
0 0.697266 0.467285 0.232422 0.0537109 0.0656438
0 0.605469 0.0375977 0.246094 0.0712891 0.0656573
0 0.726074 0.253418 0.225586 0.0283203 0.0663279
0 0.407715 0.170898 0.237305 0.0898438 0.0666738
0 0.541504 0.464844 0.18457 0.0683594 0.0671248
0 0.373047 0.211426 0.314453 0.0556641 0.0672493
0 0.726562 0.311523 0.212891 0.0332031 0.0686258
0 0.693359 0.341797 0.251953 0.0410156 0.0686409
0 0.694824 0.404297 0.243164 0.0332031 0.0686636
0 0.693848 0.372559 0.254883 0.0341797 0.0688661
0 0.371094 0.174316 0.289062 0.0400391 0.0692992
0 0.697754 0.498047 0.202148 0.0683594 0.0704634
0 0.722656 0.881836 0.193359 0.0996094 0.0706796
0 0.695801 0.436523 0.245117 0.046875 0.0721693
0 0.724121 0.282227 0.229492 0.0273438 0.0726821
0 0.695801 0.529785 0.196289 0.0751953 0.0726933
0 0.31543 0.838867 0.291016 0.287109 0.0740978
0 0.695801 0.782715 0.172852 0.0537109 0.0745381
0 0.368652 0.134766 0.209961 0.0507812 0.0756804
0 0.694336 0.562988 0.185547 0.0751953 0.0763685
0 0.692871 0.625977 0.155273 0.0664062 0.0778353
0 0.726074 0.659668 0.145508 0.0576172 0.0782272
0 0.724609 0.818359 0.160156 0.0351562 0.0786004
0 0.34082 0.161133 0.292969 0.0371094 0.0787505
0 0.695801 0.750977 0.172852 0.0488281 0.0845965
0 0.286133 0.8125 0.0175781 0.119141 0.08585
0 0.725586 0.689453 0.146484 0.0488281 0.0878451
0 0.724609 0.753418 0.160156 0.0283203 0.0880176
0 0.693359 0.71875 0.199219 0.0625 0.0909042
0 0.726074 0.785645 0.149414 0.0341797 0.0913991
0 0.724121 0.720703 0.166992 0.0371094 0.0944439
0 0.693359 0.71875 0.199219 0.0625 0.0909042
0 0.726074 0.785645 0.149414 0.0341797 0.0913991
0 0.724121 0.720703 0.166992 0.0371094 0.0944439
