0 0.245117 0.265625 0.181641 0.046875 0.105879
0 0.282227 0.311035 0.416016 0.290039 0.12575
0 0.313477 0.105469 0.283203 0.0410156 0.0500779
0 0.106445 0.562012 0.164062 0.120117 0.0503583
0 0.399902 0.445312 0.25293 0.0332031 0.0503797
0 0.848145 0.567383 0.217773 0.0449219 0.0504653
0 0.258301 0.818359 0.125977 0.0761719 0.0505486
0 0.0947266 0.412109 0.140625 0.0644531 0.0505737
0 0.0830078 0.0693359 0.15625 0.078125 0.0506459
0 0.570312 0.656738 0.183594 0.0634766 0.0506813
0 0.549316 0.0336914 0.202148 0.0673828 0.0507477
0 0.791992 0.875977 0.253906 0.0292969 0.0509148
0 0.601074 0.373535 0.260742 0.0458984 0.0509336
0 0.851562 0.405762 0.21875 0.0361328 0.0510034
0 0.445801 0.873535 0.239258 0.0673828 0.0510164
0 0.260254 0.78418 0.141602 0.0566406 0.0511937
0 0.936035 0.662109 0.12793 0.03125 0.0512163
0 0.849609 0.470215 0.234375 0.0478516 0.0512548
0 0.630371 0.75 0.208008 0.0351562 0.0514406
0 0.919434 0.93457 0.161133 0.0332031 0.0514709
0 0.215332 0.290039 0.163086 0.0292969 0.051534
0 0.788574 0.340332 0.161133 0.0302734 0.0516316
0 0.227051 0.0727539 0.141602 0.0791016 0.0517873
0 0.252441 0.475098 0.219727 0.0478516 0.052132
0 0.910645 0.0703125 0.178711 0.0566406 0.0522039
0 0.635254 0.936523 0.22168 0.0390625 0.0523301
0 0.277832 0.414062 0.258789 0.0585938 0.0523501
0 0.634766 0.466797 0.181641 0.0800781 0.0525006
0 0.915039 0.903809 0.169922 0.0380859 0.0526135
0 0.787598 0.499023 0.239258 0.0332031 0.0527492
0 0.825684 0.034668 0.182617 0.0693359 0.0530276
0 0.59668 0.720703 0.226562 0.0449219 0.0532074
0 0.404297 0.245117 0.533203 0.490234 0.0532337
0 0.34375 0.121582 0.376953 0.227539 0.0532912
0 0.722656 0.226562 0.244141 0.0410156 0.0533284
0 0.819336 0.65918 0.316406 0.494141 0.0535495
0 0.310059 0.320312 0.229492 0.0410156 0.0536037
0 0.912598 0.598145 0.174805 0.0458984 0.0536208
0 0.402832 0.321289 0.217773 0.0273438 0.0536744
0 0.575195 0.186035 0.191406 0.0576172 0.0537252
0 0.844727 0.12793 0.261719 0.0429688 0.0537512
0 0.885254 0.945312 0.0146484 0.0273438 0.0538609
0 0.577148 0.155762 0.195312 0.0771484 0.0538914
0 0.471191 0.599609 0.250977 0.0449219 0.0539224
0 0.881348 0.501465 0.237305 0.0517578 0.053996
0 0.568359 0.686523 0.210938 0.0820312 0.0540352
0 0.659668 0.3125 0.186523 0.0449219 0.0541882
0 0.446289 0.782227 0.173828 0.0507812 0.0542727
0 0.3125 0.137695 0.294922 0.0527344 0.0542754
0 0.469238 0.352539 0.227539 0.0390625 0.0543368
0 0.210938 0.263184 0.148438 0.0263672 0.0544364
0 0.660645 0.719238 0.18457 0.0654297 0.0544761
0 0.906738 0.62793 0.163086 0.0332031 0.0547077
0 0.569824 0.937012 0.291992 0.0244141 0.0548652
0 0.76123 0.279785 0.202148 0.0302734 0.0549216
0 0.277832 0.445801 0.260742 0.0537109 0.0551025
0 0.403809 0.382812 0.280273 0.0410156 0.0554282
0 0.719238 0.194336 0.272461 0.0292969 0.0556248
0 0.404297 0.258301 0.230469 0.0263672 0.0556686
0 0.81543 0.19043 0.259766 0.0351562 0.0556745
0 0.317383 0.0859375 0.238281 0.171875 0.0557684
0 0.507812 0.875 0.251953 0.0332031 0.0558452
0 0.503418 0.565918 0.200195 0.0439453 0.0558855
0 0.242188 0.841797 0.484375 0.267578 0.0559275
0 0.686035 0.812012 0.530273 0.235352 0.0563014
0 0.104492 0.131836 0.199219 0.0644531 0.0563105
0 0.633789 0.908203 0.253906 0.0507812 0.0563423
0 0.506348 0.626465 0.217773 0.0517578 0.0566956
0 0.246094 0.323242 0.154297 0.0351562 0.0568206
0 0.257812 0.753906 0.146484 0.0527344 0.0568854
0 0.869141 0.903809 0.261719 0.0244141 0.0572858
0 0.601562 0.434082 0.208984 0.0634766 0.0575691
0 0.601562 0.402344 0.228516 0.0585938 0.0578886
0 0.449707 0.0317383 0.229492 0.0634766 0.0580216
0 0.373535 0.474121 0.272461 0.0380859 0.0580229
0 0.536133 0.533691 0.1875 0.0498047 0.0580581
0 0.836914 0.61377 0.125 0.405273 0.0586616
0 0.691895 0.596191 0.21582 0.0517578 0.0587704
0 0.28125 0.507812 0.25 0.0292969 0.0590261
0 0.700195 0.015625 0.208984 0.03125 0.0595524
0 0.529785 0.285645 0.217773 0.0322266 0.0595536
0 0.568848 0.876953 0.264648 0.0488281 0.0596482
0 0.574219 0.904297 0.292969 0.0273438 0.0597112
0 0.694336 0.90918 0.21875 0.078125 0.0598086
0 0.469727 0.314941 0.230469 0.0361328 0.0600361
0 0.247559 0.20166 0.182617 0.0419922 0.0603965
0 0.371094 0.631348 0.242188 0.0400391 0.0604552
0 0.446289 0.0664062 0.214844 0.0800781 0.0608196
0 0.0927734 0.101074 0.185547 0.0751953 0.0608205
0 0.847168 0.158203 0.235352 0.0371094 0.0609176
0 0.65625 0.158691 0.314453 0.0498047 0.0610675
0 0.477051 0.654297 0.223633 0.0644531 0.0612252
0 0.915039 0.0380859 0.144531 0.0585938 0.0612435
0 0.306641 0.290527 0.246094 0.0322266 0.0614568
0 0.27832 0.693359 0.263672 0.0605469 0.0615199
0 0.785156 0.629883 0.429688 0.304688 0.0616839
0 0.475098 0.719238 0.200195 0.0556641 0.0618261
0 0.444336 0.0170898 0.199219 0.0341797 0.0620182
0 0.539551 0.219727 0.206055 0.0332031 0.0621933
0 0.955566 0.949707 0.0166016 0.0439453 0.062311
0 0.278809 0.601562 0.268555 0.0546875 0.0623312
0 0.249512 0.630371 0.239258 0.0556641 0.0623631
0 0.695312 0.405762 0.244141 0.0654297 0.0626609
0 0.808594 0.605957 0.228516 0.0224609 0.0626906
0 0.727539 0.845215 0.195312 0.0419922 0.0627934
0 0.729004 0.250488 0.22168 0.0341797 0.0627938
0 0.723145 0.750977 0.161133 0.0234375 0.0630616
0 0.019043 0.632812 0.0380859 0.0644531 0.0631066
0 0.695312 0.844727 0.201172 0.0761719 0.0633838
0 0.763184 0.0385742 0.165039 0.0576172 0.0646156
0 0.477539 0.684082 0.236328 0.0693359 0.064627
0 0.65625 0.130859 0.291016 0.0703125 0.0647426
0 0.724609 0.0693359 0.265625 0.046875 0.0648955
0 0.726562 0.781738 0.181641 0.0283203 0.0650575
0 0.730957 0.405762 0.208008 0.0302734 0.0661078
0 0.692871 0.811035 0.204102 0.0615234 0.0664245
0 0.694336 0.374023 0.230469 0.046875 0.0665541
0 0.953125 0.935547 0.0175781 0.0371094 0.0676404
0 0.245117 0.233398 0.146484 0.0332031 0.0680792
0 0.250488 0.65918 0.237305 0.0644531 0.0682093
0 0.665527 0.0351562 0.25293 0.0625 0.0682153
0 0.281738 0.721191 0.229492 0.0654297 0.0686454
0 0.692383 0.749023 0.169922 0.0429688 0.0691055
0 0.658203 0.100098 0.259766 0.0712891 0.069133
0 0.693848 0.437012 0.231445 0.0634766 0.0695126
0 0.722168 0.601074 0.188477 0.0283203 0.070329
0 0.726074 0.628906 0.161133 0.0351562 0.0704224
0 0.441895 0.75 0.19043 0.0371094 0.070777
0 0.533691 0.251953 0.206055 0.0332031 0.0708119
0 0.87207 0.663574 0.150391 0.0341797 0.0727448
0 0.750488 0.130371 0.282227 0.0400391 0.0742417
0 0.692383 0.876465 0.216797 0.0810547 0.0756164
0 0.661133 0.065918 0.275391 0.0732422 0.0756748
0 0.726562 0.877441 0.220703 0.0458984 0.0757785
0 0.842285 0.637207 0.178711 0.0283203 0.076781
0 0.723633 0.570312 0.214844 0.03125 0.0773513
0 0.729004 0.656738 0.166992 0.0439453 0.0788734
0 0.724121 0.50293 0.225586 0.046875 0.0805299
0 0.728516 0.438965 0.220703 0.0322266 0.0829861
0 0.691895 0.277832 0.223633 0.0478516 0.0832613
0 0.729004 0.375488 0.188477 0.0263672 0.0835182
0 0.727539 0.342285 0.169922 0.0322266 0.0845733
0 0.748535 0.166016 0.25293 0.0351562 0.0848347
0 0.723633 0.536621 0.197266 0.0400391 0.0856797
0 0.725098 0.470215 0.219727 0.0380859 0.0861491
0 0.727051 0.310547 0.176758 0.0371094 0.0885171
0 0.724609 0.720215 0.160156 0.0419922 0.0901348
0 0.727051 0.687988 0.166992 0.0498047 0.091505
0 0.246582 0.301758 0.170898 0.0429688 0.0930173
0 0.245117 0.265625 0.181641 0.046875 0.105879
0 0.282227 0.311035 0.416016 0.290039 0.12575
0 0.724609 0.720215 0.160156 0.0419922 0.0901348
0 0.727051 0.687988 0.166992 0.0498047 0.091505
0 0.246582 0.301758 0.170898 0.0429688 0.0930173
0 0.245117 0.265625 0.181641 0.046875 0.105879
0 0.282227 0.311035 0.416016 0.290039 0.12575
