0 0.265137 0.186523 0.131836 0.0605469 0.0500675
0 0.880859 0.438965 0.238281 0.0380859 0.0501177
0 0.48291 0.875977 0.250977 0.0507812 0.0501682
0 0.751953 0.72168 0.167969 0.0253906 0.0502355
0 0.784668 0.629395 0.227539 0.0361328 0.0502455
0 0.928711 0.717285 0.142578 0.0771484 0.0503543
0 0.26416 0.936523 0.166992 0.0859375 0.0503783
0 0.878906 0.719238 0.212891 0.0556641 0.0504041
0 0.812988 0.0424805 0.0263672 0.00683594 0.0504969
0 0.751953 0.600098 0.214844 0.0341797 0.0509448
0 0.266113 0.155762 0.139648 0.0537109 0.0511032
0 0.406738 0.803711 0.389648 0.341797 0.051526
0 0.691895 0.627441 0.211914 0.0556641 0.0515472
0 0.251953 0.78418 0.503906 0.283203 0.0516074
0 0.706055 0.0102539 0.210938 0.0205078 0.0517459
0 0.260742 0.217773 0.117188 0.0507812 0.051836
0 0.599121 0.658203 0.231445 0.0664062 0.0520411
0 0.56543 0.690918 0.197266 0.0634766 0.0520838
0 0.753418 0.688965 0.182617 0.0361328 0.052464
0 0.599121 0.876465 0.258789 0.0478516 0.0526289
0 0.883301 0.46875 0.225586 0.0410156 0.0526907
0 0.787109 0.499512 0.222656 0.0283203 0.0529356
0 0.72998 0.100098 0.231445 0.0380859 0.0529718
0 0.699707 0.22168 0.0966797 0.0546875 0.0529863
0 0.947754 0.562012 0.104492 0.0634766 0.0533802
0 0.784668 0.782227 0.137695 0.0273438 0.0534205
0 0.29541 0.0141602 0.163086 0.0283203 0.0534951
0 0.728516 0.253418 0.105469 0.0322266 0.0536942
0 0.327148 0.903809 0.275391 0.0576172 0.0537112
0 0.273926 0.467285 0.0439453 0.395508 0.0551647
0 0.755371 0.565918 0.208008 0.0361328 0.0554906
0 0.251953 0.638184 0.201172 0.0947266 0.0556979
0 0.373535 0.681152 0.336914 0.319336 0.0560177
0 0.729004 0.847656 0.178711 0.0585938 0.0560509
0 0.686523 0.598145 0.212891 0.0478516 0.0562539
0 0.291016 0.874512 0.248047 0.0927734 0.0564633
0 0.946289 0.209961 0.107422 0.419922 0.0564688
0 0.345703 0.706055 0.162109 0.0605469 0.056535
0 0.421387 0.908203 0.217773 0.0820312 0.0567764
0 0.285645 0.815918 0.303711 0.0361328 0.0568405
0 0.669922 0.0927734 0.246094 0.0585938 0.0569133
0 0.224121 0.624512 0.448242 0.352539 0.0570049
0 0.753906 0.65918 0.181641 0.0371094 0.0572217
0 0.876953 0.5 0.246094 0.0449219 0.0575811
0 0.920898 0.80957 0.158203 0.0683594 0.0576451
0 0.644043 0.034668 0.180664 0.0693359 0.0580806
0 0.946777 0.532227 0.106445 0.0625 0.0581671
0 0.596191 0.724121 0.19043 0.0478516 0.0583606
0 0.785156 0.40625 0.207031 0.03125 0.0589555
0 0.785156 0.468262 0.222656 0.0302734 0.0591264
0 0.313477 0.603516 0.285156 0.0566406 0.0591485
0 0.345215 0.713379 0.0927734 0.430664 0.0595439
0 0.722656 0.475586 0.142578 0.0410156 0.0596051
0 0.690918 0.471191 0.163086 0.0615234 0.0599321
0 0.639648 0.0639648 0.175781 0.0810547 0.0600646
0 0.923828 0.747559 0.152344 0.0693359 0.0602655
0 0.420898 0.875977 0.242188 0.0761719 0.060824
0 0.879883 0.563477 0.207031 0.046875 0.0620706
0 0.282715 0.693848 0.192383 0.0986328 0.0621427
0 0.703613 0.0634766 0.229492 0.0292969 0.0624037
0 0.720703 0.536133 0.189453 0.046875 0.0632192
0 0.689453 0.752441 0.191406 0.0302734 0.063425
0 0.320801 0.651367 0.0595703 0.322266 0.0634327
0 0.878906 0.531738 0.201172 0.0400391 0.0639758
0 0.706055 0.03125 0.222656 0.0351562 0.0642302
0 0.313477 0.666504 0.212891 0.0732422 0.0643887
0 0.694824 0.65625 0.200195 0.0585938 0.0650397
0 0.731934 0.284668 0.120117 0.0361328 0.0651319
0 0.249023 0.729492 0.173828 0.103516 0.0654397
0 0.731934 0.876953 0.194336 0.0898438 0.0659613
0 0.282227 0.780762 0.275391 0.0380859 0.0661665
0 0.684082 0.569336 0.182617 0.0488281 0.0662185
0 0.294922 0.0410156 0.152344 0.0820312 0.0668174
0 0.724609 0.815918 0.154297 0.0478516 0.0668874
0 0.6875 0.504395 0.167969 0.0732422 0.0673093
0 0.922852 0.77832 0.154297 0.0683594 0.0680358
0 0.784668 0.4375 0.237305 0.0273438 0.068765
0 0.682617 0.560059 0.550781 0.163086 0.0696517
0 0.72168 0.786621 0.162109 0.0205078 0.0704693
0 0.696289 0.253418 0.121094 0.0517578 0.0705424
0 0.724609 0.443359 0.1875 0.0351562 0.0710343
0 0.687988 0.721191 0.211914 0.0419922 0.0735407
0 0.726074 0.381348 0.18457 0.0341797 0.0737048
0 0.342773 0.683594 0.138672 0.244141 0.0758193
0 0.341797 0.619629 0.236328 0.174805 0.0774105
0 0.31543 0.618652 0.130859 0.295898 0.0778767
0 0.692871 0.687988 0.211914 0.0537109 0.0781636
0 0.726074 0.410645 0.188477 0.0361328 0.0782219
0 0.729004 0.348633 0.133789 0.0410156 0.0828841
0 0.730957 0.31543 0.133789 0.046875 0.0860815
