0 0.282227 0.687988 0.128906 0.0888672 0.0500164
0 0.868164 0.192383 0.263672 0.015625 0.0503323
0 0.561523 0.720703 0.257812 0.03125 0.0504123
0 0.0996094 0.312988 0.177734 0.0537109 0.0504229
0 0.19043 0.125977 0.189453 0.0390625 0.0504235
0 0.0898438 0.130859 0.179688 0.0703125 0.050514
0 0.0791016 0.0600586 0.046875 0.0419922 0.0506455
0 0.0947266 0.0976562 0.189453 0.0683594 0.0506583
0 0.252441 0.500977 0.194336 0.0585938 0.0507121
0 0.73291 0.134277 0.213867 0.0537109 0.0507473
0 0.636719 0.189453 0.220703 0.0429688 0.0507754
0 0.539062 0.376953 0.210938 0.0820312 0.0508583
0 0.279785 0.72168 0.118164 0.0703125 0.0509832
0 0.87793 0.748535 0.244141 0.0283203 0.0510595
0 0.262207 0.875488 0.172852 0.0810547 0.0511464
0 0.864746 0.655762 0.270508 0.0634766 0.0511771
0 0.0927734 0.0756836 0.0488281 0.0478516 0.051247
0 0.328125 0.874023 0.65625 0.195312 0.0513141
0 0.535645 0.3125 0.19043 0.0585938 0.0514758
0 0.57666 0.0322266 0.21582 0.0644531 0.0516046
0 0.130859 0.25293 0.169922 0.046875 0.0516949
0 0.443848 0.100098 0.231445 0.0908203 0.0518127
0 0.412109 0.0693359 0.210938 0.101562 0.0518483
0 0.639648 0.129395 0.230469 0.0693359 0.0521174
0 0.786621 0.436035 0.223633 0.0400391 0.0522181
0 0.190918 0.222656 0.137695 0.015625 0.0522382
0 0.304199 0.166504 0.608398 0.333008 0.0522549
0 0.57373 0.25 0.18457 0.0566406 0.0523629
0 0.686035 0.783203 0.202148 0.046875 0.0526759
0 0.767578 0.0410156 0.1875 0.0820312 0.0527983
0 0.878906 0.404297 0.242188 0.0605469 0.0529373
0 0.277832 0.130371 0.209961 0.0595703 0.0530157
0 0.0317383 0.117188 0.0283203 0.0195312 0.0532354
0 0.781738 0.255371 0.25293 0.0302734 0.0533236
0 0.918945 0.0185547 0.162109 0.0371094 0.0533872
0 0.694336 0.597168 0.238281 0.0849609 0.0534183
0 0.456543 0.0405273 0.22168 0.0810547 0.0537936
0 0.37793 0.717773 0.166016 0.0605469 0.0539206
0 0.250488 0.165527 0.161133 0.0322266 0.054014
0 0.9375 0.131348 0.125 0.0400391 0.0542461
0 0.639648 0.159668 0.228516 0.0673828 0.0542907
0 0.535645 0.345215 0.200195 0.0732422 0.0544461
0 0.700684 0.0717773 0.239258 0.0712891 0.0545016
0 0.666016 0.220215 0.238281 0.0302734 0.0548004
0 0.249512 0.317383 0.172852 0.0429688 0.0548472
0 0.190918 0.0957031 0.225586 0.0332031 0.0550189
0 0.26709 0.653809 0.0673828 0.420898 0.05507
0 0.253418 0.437012 0.204102 0.0810547 0.0551137
0 0.193848 0.012207 0.200195 0.0244141 0.0551291
0 0.248047 0.0976562 0.205078 0.046875 0.0551951
0 0.661133 0.280762 0.234375 0.0458984 0.0561609
0 0.727051 0.497559 0.208008 0.0498047 0.0564342
0 0.668457 0.0385742 0.295898 0.0771484 0.0564539
0 0.726562 0.881348 0.1875 0.0673828 0.0564679
0 0.864746 0.687988 0.270508 0.0498047 0.0565705
0 0.540039 0.438477 0.201172 0.0878906 0.0565824
0 0.729492 0.912598 0.208984 0.0712891 0.0567992
0 0.224121 0.734375 0.0166016 0.0371094 0.0568258
0 0.692383 0.56543 0.244141 0.0742188 0.0581293
0 0.254395 0.226562 0.147461 0.0175781 0.0582518
0 0.104492 0.253418 0.197266 0.0849609 0.0583302
0 0.871094 0.718262 0.257812 0.0419922 0.0586388
0 0.730957 0.188965 0.258789 0.0283203 0.058651
0 0.865723 0.223633 0.268555 0.015625 0.0586598
0 0.730469 0.967773 0.195312 0.0644531 0.0587136
0 0.700684 0.102051 0.233398 0.0673828 0.0590219
0 0.251953 0.285156 0.160156 0.0429688 0.0592551
0 0.09375 0.0688477 0.1875 0.0615234 0.0594299
0 0.258301 0.0688477 0.163086 0.0732422 0.0595216
0 0.0917969 0.0371094 0.183594 0.0488281 0.0595519
0 0.359375 0.25 0.71875 0.330078 0.0598639
0 0.281738 0.471191 0.243164 0.0537109 0.0606584
0 0.875 0.373047 0.25 0.0429688 0.0612391
0 0.557617 0.72168 0.0644531 0.0410156 0.0615209
0 0.728027 0.46582 0.250977 0.0566406 0.0616068
0 0.877441 0.341797 0.245117 0.0449219 0.0616075
0 0.920898 0.251465 0.158203 0.0400391 0.0616642
0 0.841309 0.196289 0.213867 0.0117188 0.0619259
0 0.078125 0.0751953 0.0351562 0.03125 0.0620735
0 0.279785 0.350586 0.213867 0.0546875 0.0621162
0 0.281738 0.097168 0.219727 0.0791016 0.0627246
0 0.78125 0.283691 0.228516 0.0322266 0.0633749
0 0.928711 0.103027 0.142578 0.0341797 0.0640872
0 0.751953 0.662598 0.269531 0.0380859 0.0643576
0 0.192871 0.0664062 0.202148 0.0507812 0.0644514
0 0.786133 0.376465 0.210938 0.0263672 0.0644933
0 0.687012 0.753418 0.25293 0.0458984 0.0657167
0 0.874023 0.311523 0.251953 0.0410156 0.0662445
0 0.920898 0.311523 0.158203 0.0976562 0.0663168
0 0.63623 0.0649414 0.249023 0.100586 0.066926
0 0.755859 0.689941 0.292969 0.0478516 0.0669891
0 0.753418 0.720703 0.237305 0.0371094 0.0670441
0 0.297363 0.0488281 0.165039 0.0976562 0.0673686
0 0.723145 0.531738 0.208008 0.0439453 0.067382
0 0.727539 0.436035 0.259766 0.0634766 0.0678655
0 0.717773 0.632324 0.216797 0.0478516 0.0688492
0 0.717285 0.599609 0.202148 0.046875 0.0689254
0 0.686523 0.723633 0.255859 0.0703125 0.0690358
0 0.254395 0.255371 0.157227 0.0400391 0.0694999
0 0.869629 0.251465 0.260742 0.0146484 0.0697216
0 0.194824 0.0332031 0.19043 0.0566406 0.0700571
0 0.727539 0.220703 0.257812 0.0175781 0.0715052
0 0.718262 0.567871 0.200195 0.0419922 0.0716679
0 0.687988 0.693359 0.274414 0.0761719 0.0726486
0 0.924316 0.280273 0.151367 0.0625 0.0726741
0 0.718262 0.350586 0.250977 0.0292969 0.0733767
0 0.691895 0.250488 0.282227 0.0263672 0.073947
0 0.725586 0.408691 0.255859 0.0537109 0.0743391
0 0.874512 0.279297 0.250977 0.03125 0.0773716
0 0.722656 0.382324 0.267578 0.0419922 0.0782692
0 0.71875 0.317871 0.263672 0.0302734 0.0786929
0 0.720215 0.285156 0.256836 0.0214844 0.0789378
0 0.686523 0.659668 0.265625 0.0751953 0.0794202
0 0.356445 0.0410156 0.199219 0.0820312 0.0800613
0 0.904297 0.0717773 0.191406 0.0341797 0.0848669
0 0.913574 0.043457 0.172852 0.0400391 0.0939902
0 0.913574 0.043457 0.172852 0.0400391 0.0939902
