0 0.291016 0.0131836 0.125 0.0263672 0.126938
0 0.499512 0.442383 0.235352 0.0507812 0.0500514
0 0.344727 0.722168 0.275391 0.0283203 0.0500535
0 0.442383 0.253906 0.201172 0.0351562 0.0500971
0 0.891602 0.569824 0.216797 0.0244141 0.0501585
0 0.10791 0.443359 0.21582 0.0527344 0.0501783
0 0.223145 0.75 0.161133 0.015625 0.050274
0 0.107422 0.84375 0.167969 0.09375 0.0502988
0 0.105957 0.503906 0.211914 0.0527344 0.0503408
0 0.250977 0.507812 0.201172 0.0703125 0.0503596
0 0.412109 0.685547 0.203125 0.0566406 0.0507535
0 0.161621 0.811523 0.172852 0.0546875 0.0508782
0 0.284668 0.5625 0.241211 0.0839844 0.0508919
0 0.938965 0.722168 0.12207 0.0693359 0.0509038
0 0.797852 0.938477 0.154297 0.0527344 0.0509039
0 0.414062 0.223633 0.189453 0.0214844 0.0510512
0 0.9375 0.571289 0.125 0.0507812 0.0510902
0 0.470703 0.751465 0.189453 0.0419922 0.0511488
0 0.889648 0.307617 0.212891 0.328125 0.0511546
0 0.324219 0.4375 0.203125 0.0898438 0.0512373
0 0.108887 0.413086 0.217773 0.0664062 0.0513223
0 0.101074 0.750488 0.19043 0.0302734 0.0513923
0 0.349121 0.882812 0.200195 0.0996094 0.0515197
0 0.810547 0.473145 0.251953 0.0224609 0.0516393
0 0.280762 0.140137 0.217773 0.0400391 0.0516722
0 0.419434 0.0698242 0.182617 0.0634766 0.0517569
0 0.319824 0.5 0.225586 0.0742188 0.0517969
0 0.841309 0.538574 0.258789 0.0146484 0.0518115
0 0.317383 0.847656 0.212891 0.0527344 0.0518233
0 0.157715 0.225586 0.21582 0.0292969 0.0518543
0 0.495117 0.470215 0.210938 0.0419922 0.0520336
0 0.27832 0.350586 0.214844 0.0351562 0.0520562
0 0.685059 0.383301 0.270508 0.0224609 0.0520652
0 0.416504 0.15918 0.254883 0.0292969 0.0525504
0 0.905273 0.100098 0.189453 0.0751953 0.0525905
0 0.0688477 0.164551 0.137695 0.0576172 0.0526051
0 0.906738 0.475098 0.186523 0.0478516 0.0526884
0 0.930664 0.0351562 0.138672 0.0703125 0.05282
0 0.851074 0.303711 0.0654297 0.0546875 0.0528553
0 0.662109 0.721191 0.199219 0.0517578 0.0529544
0 0.938965 0.0673828 0.12207 0.0703125 0.0529704
0 0.108887 0.348633 0.217773 0.0566406 0.052993
0 0.0532227 0.172363 0.0732422 0.0712891 0.0529984
0 0.314941 0.814941 0.250977 0.0439453 0.0530054
0 0.722168 0.477539 0.211914 0.0390625 0.0530507
0 0.257324 0.225586 0.180664 0.0253906 0.0532633
0 0.878906 0.72168 0.191406 0.046875 0.0532682
0 0.668457 0.127441 0.249023 0.0517578 0.0532948
0 0.794922 0.873047 0.234375 0.0410156 0.0533415
0 0.75293 0.249023 0.494141 0.316406 0.0533955
0 0.253418 0.410156 0.19043 0.0566406 0.0534062
0 0.254883 0.82373 0.509766 0.352539 0.0535228
0 0.758789 0.319336 0.046875 0.0664062 0.0535324
0 0.570312 0.255371 0.220703 0.0400391 0.0536411
0 0.27832 0.00439453 0.121094 0.00878906 0.0536431
0 0.081543 0.65918 0.163086 0.0527344 0.0536477
0 0.253906 0.441895 0.208984 0.0751953 0.0538495
0 0.719238 0.41748 0.241211 0.0263672 0.0539715
0 0.249023 0.692871 0.234375 0.0283203 0.0540636
0 0.716309 0.321289 0.260742 0.0253906 0.0540845
0 0.31543 0.75293 0.205078 0.0195312 0.0542149
0 0.720215 0.508301 0.206055 0.0283203 0.0542361
0 0.73584 0.0136719 0.200195 0.0273438 0.0542445
0 0.914551 0.782227 0.143555 0.0546875 0.0542632
0 0.25 0.382324 0.216797 0.0419922 0.0542671
0 0.799805 0.0341797 0.203125 0.0625 0.0542843
0 0.159668 0.594727 0.245117 0.0546875 0.0543011
0 0.320801 0.470703 0.22168 0.0800781 0.0543473
0 0.11084 0.472168 0.22168 0.0517578 0.0545631
0 0.915527 0.687988 0.168945 0.0615234 0.0548472
0 0.811035 0.505859 0.288086 0.0136719 0.0548767
0 0.637207 0.938477 0.235352 0.0625 0.0549831
0 0.443848 0.941895 0.188477 0.0517578 0.0550771
0 0.722656 0.633301 0.212891 0.0458984 0.0552309
0 0.502441 0.720703 0.211914 0.0429688 0.0553406
0 0.79541 0.0678711 0.217773 0.0341797 0.0553627
0 0.090332 0.380371 0.180664 0.0751953 0.055406
0 0.790527 0.100586 0.266602 0.0351562 0.0554574
0 0.325195 0.436523 0.650391 0.269531 0.0556743
0 0.161621 0.77832 0.194336 0.0371094 0.0556883
0 0.504395 0.655273 0.231445 0.0449219 0.0558935
0 0.11084 0.65625 0.22168 0.0273438 0.0559551
0 0.719238 0.608398 0.233398 0.0351562 0.0559621
0 0.717285 0.290527 0.241211 0.0283203 0.0559631
0 0.884766 0.0673828 0.171875 0.0898438 0.0559951
0 0.754395 0.721191 0.114258 0.0400391 0.0560595
0 0.10791 0.687988 0.21582 0.0185547 0.0560872
0 0.344238 0.786133 0.233398 0.0234375 0.056122
0 0.44043 0.533691 0.253906 0.0458984 0.0562044
0 0.470703 0.910645 0.244141 0.0302734 0.0562347
0 0.72168 0.232422 0.248047 0.0371094 0.0564738
0 0.496582 0.535156 0.233398 0.0273438 0.0564874
0 0.105469 0.71875 0.210938 0.0273438 0.0565876
0 0.542969 0.160156 0.171875 0.0625 0.0566349
0 0.117676 0.319824 0.235352 0.0576172 0.0566849
0 0.727539 0.168945 0.242188 0.0429688 0.0569622
0 0.546875 0.0683594 0.183594 0.0644531 0.0571385
0 0.159668 0.565918 0.229492 0.0634766 0.0573453
0 0.66748 0.876465 0.209961 0.0888672 0.0573539
0 0.539062 0.193359 0.195312 0.0371094 0.0575193
0 0.501953 0.624512 0.234375 0.0361328 0.0575694
0 0.316895 0.137695 0.202148 0.275391 0.0581911
0 0.79541 0.90625 0.206055 0.046875 0.0582924
0 0.0976562 0.287109 0.195312 0.0664062 0.0583094
0 0.159668 0.715332 0.243164 0.0185547 0.0583153
0 0.869629 0.304688 0.0654297 0.0332031 0.0584203
0 0.472168 0.685547 0.225586 0.0410156 0.0584438
0 0.222656 0.626953 0.201172 0.0507812 0.0584716
0 0.734375 0.940918 0.189453 0.0634766 0.0585612
0 0.876465 0.296875 0.231445 0.0605469 0.0585806
0 0.351562 0.943848 0.181641 0.0927734 0.0586269
0 0.783203 0.342285 0.263672 0.34668 0.0589477
0 0.548828 0.0976562 0.216797 0.0742188 0.0590039
0 0.209961 0.456055 0.0332031 0.00585938 0.0594645
0 0.183594 0.408691 0.236328 0.0224609 0.0600728
0 0.910156 0.547363 0.179688 0.0244141 0.0604114
0 0.250977 0.535156 0.228516 0.0800781 0.0606288
0 0.873047 0.32666 0.216797 0.0673828 0.0606949
0 0.727051 0.660156 0.166992 0.0546875 0.0614055
0 0.724609 0.200195 0.263672 0.0625 0.061503
0 0.158691 0.748535 0.206055 0.0205078 0.0617157
0 0.438477 0.720703 0.179688 0.0527344 0.0617652
0 0.254395 0.59668 0.213867 0.0742188 0.0617969
0 0.259766 0.213867 0.519531 0.427734 0.062231
0 0.219238 0.65918 0.19043 0.03125 0.0623952
0 0.439453 0.564453 0.251953 0.0449219 0.0627427
0 0.547363 0.128418 0.170898 0.0732422 0.062995
0 0.720215 0.446289 0.250977 0.0429688 0.0631746
0 0.716797 0.580566 0.171875 0.0263672 0.0632747
0 0.914551 0.751465 0.170898 0.0419922 0.0634758
0 0.668945 0.0966797 0.263672 0.0566406 0.0635515
0 0.442871 0.624512 0.213867 0.0517578 0.0635934
0 0.0854492 0.22998 0.170898 0.0361328 0.0638968
0 0.698242 0.810059 0.164062 0.0888672 0.0643297
0 0.0986328 0.259277 0.197266 0.0556641 0.0645639
0 0.717285 0.545898 0.19043 0.0253906 0.0648569
0 0.728027 0.812012 0.155273 0.0478516 0.0658005
0 0.248535 0.723145 0.209961 0.0263672 0.0658304
0 0.440918 0.595703 0.239258 0.0410156 0.0665168
0 0.256836 0.781738 0.195312 0.0224609 0.0669077
0 0.278809 0.256836 0.204102 0.0351562 0.0670321
0 0.251465 0.753906 0.141602 0.015625 0.0674455
0 0.695801 0.907227 0.217773 0.09375 0.0687879
0 0.729004 0.843262 0.208008 0.0615234 0.0704955
0 0.670898 0.0664062 0.234375 0.0527344 0.0708367
0 0.727539 0.689453 0.136719 0.0527344 0.0720138
0 0.276855 0.289062 0.211914 0.0273438 0.0726348
0 0.723633 0.140625 0.207031 0.0332031 0.0733289
0 0.703125 0.0361328 0.205078 0.0527344 0.0735048
0 0.059082 0.198242 0.118164 0.0351562 0.079886
0 0.728516 0.876465 0.232422 0.0634766 0.0829912
0 0.724609 0.105469 0.195312 0.0273438 0.0856002
0 0.694336 0.747559 0.167969 0.0458984 0.0864465
0 0.729492 0.0688477 0.1875 0.0263672 0.0865254
0 0.694336 0.779297 0.160156 0.0332031 0.089714
0 0.723145 0.721191 0.139648 0.0576172 0.0958672
0 0.291016 0.0131836 0.125 0.0263672 0.126938
0 0.723145 0.721191 0.139648 0.0576172 0.0958672
0 0.291016 0.0131836 0.125 0.0263672 0.126938
