0 0.726562 0.779297 0.238281 0.0136719 0.103394
0 0.725586 0.750488 0.214844 0.0166016 0.109434
0 0.415527 0.624023 0.182617 0.0625 0.0500331
0 0.325195 0.0664062 0.183594 0.0625 0.0502095
0 0.494141 0.368652 0.578125 0.270508 0.0502277
0 0.548828 0.0341797 0.169922 0.0625 0.0502871
0 0.979492 0.827148 0.0410156 0.0332031 0.0503142
0 0.384766 0.560059 0.212891 0.0986328 0.0503389
0 0.985352 0.0712891 0.0253906 0.0371094 0.0505103
0 0.445312 0.097168 0.224609 0.0654297 0.050628
0 0.978027 0.793457 0.0439453 0.0341797 0.0507175
0 0.855957 0.560059 0.28418 0.0244141 0.0508662
0 0.907227 0.775879 0.0390625 0.0185547 0.0509197
0 0.666992 0.592285 0.193359 0.0380859 0.0509545
0 0.342285 0.227051 0.229492 0.0478516 0.0509794
0 0.352539 0.162598 0.0644531 0.0283203 0.0510496
0 0.979004 0.731934 0.0419922 0.0517578 0.0512062
0 0.670898 0.655273 0.191406 0.0390625 0.0512287
0 0.601074 0.132812 0.239258 0.0449219 0.0512409
0 0.447754 0.654785 0.155273 0.0732422 0.0513046
0 0.254883 0.262207 0.193359 0.0693359 0.0513062
0 0.668945 0.625 0.175781 0.0546875 0.0513852
0 0.286133 0.683105 0.195312 0.0908203 0.0514393
0 0.376953 0.203125 0.238281 0.0683594 0.0515327
0 0.864258 0.621582 0.271484 0.0224609 0.0515548
0 0.306152 0.867188 0.612305 0.265625 0.0516772
0 0.350586 0.78125 0.107422 0.0566406 0.0517131
0 0.677734 0.873535 0.289062 0.0322266 0.0517247
0 0.286133 0.314453 0.177734 0.0800781 0.0517751
0 0.930176 0.0322266 0.139648 0.0644531 0.0518027
0 0.53418 0.469727 0.160156 0.0722656 0.0520281
0 0.663086 0.811035 0.259766 0.0400391 0.0521063
0 0.91748 0.652344 0.165039 0.0390625 0.0521275
0 0.60498 0.937988 0.233398 0.0830078 0.0521776
0 0.700195 0.937012 0.25 0.0810547 0.0521896
0 0.824707 0.0639648 0.260742 0.0244141 0.0522495
0 0.896973 0.68457 0.206055 0.0253906 0.0523243
0 0.907227 0.783203 0.0195312 0.0175781 0.0523555
0 0.290039 0.938477 0.146484 0.0859375 0.0526601
0 0.351074 0.21875 0.264648 0.25 0.0527457
0 0.601562 0.216309 0.207031 0.0322266 0.0528487
0 0.66748 0.685059 0.211914 0.0263672 0.052878
0 0.861328 0.339844 0.117188 0.412109 0.0530493
0 0.255371 0.231934 0.182617 0.0556641 0.0531026
0 0.285156 0.75 0.158203 0.0742188 0.0531058
0 0.596191 0.312012 0.192383 0.0419922 0.0532726
0 0.767578 0.034668 0.25 0.0244141 0.0532839
0 0.818359 0.683594 0.283203 0.00976562 0.0533473
0 0.413574 0.811523 0.172852 0.117188 0.053528
0 0.287598 0.813965 0.145508 0.0849609 0.0537208
0 0.638184 0.0332031 0.202148 0.0664062 0.0538658
0 0.287109 0.78125 0.142578 0.0703125 0.0539921
0 0.661621 0.278809 0.229492 0.0283203 0.0540533
0 0.732422 0.59375 0.205078 0.0214844 0.0541439
0 0.983887 0.0537109 0.0322266 0.0585938 0.0541856
0 0.339844 0.166504 0.25 0.0888672 0.0547997
0 0.630371 0.0673828 0.209961 0.0800781 0.0549349
0 0.533203 0.280273 0.185547 0.0488281 0.0551491
0 0.694336 0.160645 0.205078 0.0419922 0.0551994
0 0.969727 0.638672 0.0351562 0.0449219 0.0552436
0 0.665039 0.468262 0.169922 0.0537109 0.0556047
0 0.693848 0.129395 0.186523 0.0478516 0.0558305
0 0.285645 0.716309 0.165039 0.0927734 0.0561071
0 0.410156 0.717773 0.142578 0.0664062 0.0561892
0 0.541992 0.065918 0.234375 0.0439453 0.0565
0 0.787598 0.689453 0.245117 0.0214844 0.0571911
0 0.858887 0.65332 0.272461 0.0175781 0.0572218
0 0.536133 0.245605 0.216797 0.0419922 0.0572886
0 0.476562 0.75 0.148438 0.0527344 0.05754
0 0.818848 0.748535 0.239258 0.0107422 0.0576822
0 0.571289 0.879883 0.261719 0.0800781 0.0581866
0 0.601562 0.0981445 0.210938 0.0458984 0.058206
0 0.791504 0.623047 0.295898 0.0117188 0.0582295
0 0.79834 0.588379 0.0185547 0.0341797 0.0582936
0 0.665527 0.748047 0.233398 0.0195312 0.0583151
0 0.473633 0.684082 0.177734 0.0556641 0.0583717
0 0.664551 0.71582 0.206055 0.0214844 0.0586131
0 0.726562 0.499512 0.234375 0.0322266 0.0591622
0 0.695312 0.097168 0.175781 0.0478516 0.0592438
0 0.723633 0.405273 0.203125 0.0390625 0.0595553
0 0.568848 0.652832 0.165039 0.0634766 0.0598833
0 0.255371 0.196777 0.194336 0.0673828 0.0598888
0 0.289551 0.844727 0.157227 0.0703125 0.0602103
0 0.271973 0.562988 0.0478516 0.37793 0.0605053
0 0.411621 0.783203 0.139648 0.0546875 0.0608123
0 0.730469 0.562012 0.203125 0.0302734 0.0611809
0 0.727539 0.219727 0.189453 0.0214844 0.0611812
0 0.263184 0.0751953 0.137695 0.0742188 0.0612221
0 0.728027 0.529297 0.229492 0.0332031 0.0612749
0 0.730957 0.12793 0.186523 0.0273438 0.0613027
0 0.851074 0.716797 0.243164 0.00976562 0.0613177
0 0.26123 0.105957 0.194336 0.0849609 0.0615378
0 0.474121 0.719238 0.151367 0.0751953 0.062349
0 0.905273 0.745605 0.189453 0.0205078 0.0623968
0 0.724121 0.470215 0.208008 0.0361328 0.0627362
0 0.692383 0.437012 0.175781 0.0478516 0.0627835
0 0.600586 0.245605 0.201172 0.0341797 0.0632579
0 0.728027 0.248535 0.200195 0.0263672 0.0635882
0 0.266602 0.0390625 0.138672 0.0703125 0.0637213
0 0.597656 0.276855 0.191406 0.0400391 0.0637379
0 0.696289 0.0664062 0.173828 0.0683594 0.0639065
0 0.702637 0.0317383 0.239258 0.0400391 0.064395
0 0.663574 0.77832 0.256836 0.0195312 0.0649013
0 0.723145 0.373535 0.206055 0.0400391 0.0649749
0 0.568848 0.812012 0.21582 0.0947266 0.0654942
0 0.728516 0.278809 0.208984 0.0361328 0.0661891
0 0.569824 0.844727 0.241211 0.0957031 0.0665714
0 0.727539 0.192383 0.193359 0.0214844 0.066851
0 0.287598 0.875 0.147461 0.0742188 0.0669599
0 0.347168 0.181152 0.0439453 0.0810547 0.0671237
0 0.895508 0.714844 0.208984 0.015625 0.0674896
0 0.255859 0.135254 0.232422 0.0888672 0.0678392
0 0.692383 0.309082 0.230469 0.0419922 0.0683071
0 0.916504 0.790527 0.0380859 0.0283203 0.0695488
0 0.569336 0.71582 0.208984 0.0429688 0.0711933
0 0.410156 0.751465 0.132812 0.0537109 0.0713264
0 0.290039 0.909668 0.125 0.0830078 0.0718176
0 0.570312 0.748535 0.205078 0.0361328 0.0725355
0 0.72998 0.0976562 0.198242 0.0273438 0.0737117
0 0.724121 0.340332 0.213867 0.0419922 0.0738344
0 0.566895 0.682617 0.186523 0.046875 0.0745443
0 0.726562 0.80957 0.271484 0.0175781 0.0750352
0 0.906738 0.792969 0.0244141 0.0234375 0.0750715
0 0.729492 0.0678711 0.191406 0.0302734 0.0755494
0 0.599609 0.780273 0.242188 0.0332031 0.0767941
0 0.794922 0.744629 0.269531 0.0146484 0.0771006
0 0.568359 0.78125 0.212891 0.0625 0.080335
0 0.731934 0.719238 0.196289 0.0224609 0.0848831
0 0.758301 0.775391 0.24707 0.00976562 0.0939157
0 0.726562 0.779297 0.238281 0.0136719 0.103394
0 0.725586 0.750488 0.214844 0.0166016 0.109434
0 0.758301 0.775391 0.24707 0.00976562 0.0939157
0 0.726562 0.779297 0.238281 0.0136719 0.103394
0 0.725586 0.750488 0.214844 0.0166016 0.109434
