0 0.671094 0.859375 0.323438 0.1 0.050685
0 0.675 0.053125 0.38125 0.059375 0.0509977
0 0.310937 0.398438 0.275 0.065625 0.0510244
0 0.653906 0.746094 0.676562 0.414062 0.0514577
0 0.825781 0.55625 0.348437 0.08125 0.051722
0 0.854688 0.652344 0.290625 0.114063 0.051755
0 0.192969 0.757031 0.114063 0.107813 0.0517752
0 0.464063 0.657031 0.28125 0.0828125 0.0518643
0 0.797656 0.555469 0.373437 0.0359375 0.052444
0 0.835938 0.60625 0.328125 0.0875 0.0524464
0 0.169531 0.404687 0.289062 0.090625 0.0527043
0 0.478906 0.0578125 0.342187 0.115625 0.0527084
0 0.25625 0.563281 0.284375 0.0484375 0.0528895
0 0.177344 0.816406 0.354688 0.104687 0.052944
0 0.657812 0.400781 0.303125 0.0578125 0.0530035
0 0.414844 0.8625 0.367188 0.103125 0.0531097
0 0.666406 0.908594 0.304688 0.0953125 0.0537315
0 0.404687 0.774219 0.725 0.451562 0.0549496
0 0.466406 0.202344 0.389062 0.0671875 0.0550575
0 0.417969 0.157031 0.329688 0.0671875 0.0552153
0 0.421094 0.107813 0.295312 0.065625 0.0563503
0 0.404687 0.457812 0.309375 0.06875 0.056396
0 0.65625 0.508594 0.275 0.0484375 0.0568562
0 0.579687 0.053125 0.325 0.10625 0.057846
0 0.889844 0.507031 0.220313 0.0546875 0.0580103
0 0.880469 0.415625 0.239063 0.065625 0.0583302
0 0.457031 0.607031 0.285937 0.0703125 0.0583345
0 0.253125 0.510938 0.303125 0.05 0.0583804
0 0.654688 0.557031 0.25625 0.0453125 0.05848
0 0.403125 0.561719 0.290625 0.0890625 0.0588546
0 0.46875 0.25 0.384375 0.078125 0.0590801
0 0.108594 0.0320312 0.217187 0.0640625 0.0594522
0 0.571094 0.3 0.304688 0.034375 0.0595818
0 0.1625 0.458594 0.265625 0.0796875 0.0597481
0 0.897656 0.555469 0.204688 0.0578125 0.0597847
0 0.402344 0.510156 0.326562 0.0828125 0.0599435
0 0.569531 0.35 0.289062 0.034375 0.0603499
0 0.408594 0.81875 0.379687 0.121875 0.0604944
0 0.409375 0.767187 0.315625 0.146875 0.0618824
0 0.875781 0.460156 0.248437 0.0609375 0.0631786
0 0.573438 0.1 0.325 0.0875 0.063575
0 0.65625 0.454688 0.296875 0.05625 0.0636119
0 0.567969 0.153125 0.354688 0.071875 0.0642955
0 0.567187 0.863281 0.334375 0.126563 0.0646167
0 0.517969 0.297656 0.351562 0.0671875 0.0660926
0 0.569531 0.255469 0.339063 0.0390625 0.066779
0 0.567187 0.205469 0.34375 0.0484375 0.0671542
0 0.517187 0.346875 0.35 0.0625 0.0681426
0 0.570312 0.704687 0.246875 0.08125 0.0698921
0 0.576563 0.757031 0.290625 0.107813 0.072134
0 0.573438 0.810938 0.3 0.13125 0.0754849
0 0.5625 0.607031 0.2 0.0421875 0.0760226
0 0.566406 0.653906 0.232812 0.0453125 0.0799009
0 0.510156 0.396094 0.385938 0.0796875 0.080291
0 0.560938 0.451562 0.2875 0.08125 0.0804899
0 0.560156 0.500781 0.267188 0.0703125 0.0840625
0 0.557031 0.557031 0.223438 0.0546875 0.0934768
