0 0.659375 0.547656 0.3625 0.0296875 0.050604
0 0.6625 0.400781 0.328125 0.0296875 0.0506424
0 0.405469 0.359375 0.257812 0.06875 0.0506971
0 0.179688 0.55 0.359375 0.053125 0.0510547
0 0.414062 0.304688 0.278125 0.06875 0.0516831
0 0.826563 0.735156 0.14375 0.529688 0.0523431
0 0.666406 0.447656 0.345313 0.0359375 0.0523731
0 0.299219 0.405469 0.298438 0.0390625 0.0535372
0 0.303906 0.453125 0.342187 0.04375 0.0535631
0 0.524219 0.157031 0.282813 0.120312 0.0543305
0 0.56875 0.30625 0.303125 0.021875 0.0545822
0 0.470313 0.346094 0.940625 0.467187 0.0551341
0 0.510938 0.8 0.425 0.09375 0.0566965
0 0.403125 0.410156 0.296875 0.0734375 0.0570342
0 0.178906 0.502344 0.357812 0.0703125 0.0573365
0 0.400781 0.6125 0.289062 0.034375 0.0587328
0 0.5125 0.749219 0.378125 0.0828125 0.0596353
0 0.1625 0.451562 0.325 0.05 0.0601645
0 0.889063 0.146875 0.221875 0.109375 0.0602881
0 0.121875 0.734375 0.16875 0.53125 0.0603683
0 0.402344 0.454688 0.298438 0.078125 0.0620952
0 0.444531 0.55625 0.304688 0.053125 0.0624069
0 0.567187 0.398438 0.325 0.021875 0.062694
0 0.566406 0.350781 0.285937 0.0171875 0.0633683
0 0.125781 0.448438 0.251563 0.1 0.063648
0 0.669531 0.028125 0.176563 0.05625 0.0639192
0 0.507031 0.7 0.342187 0.103125 0.0641041
0 0.503906 0.652344 0.314063 0.0734375 0.0644595
0 0.400781 0.502344 0.285937 0.0515625 0.0647625
0 0.517187 0.251563 0.315625 0.065625 0.0650276
0 0.520312 0.207031 0.31875 0.104687 0.0660527
0 0.117969 0.363281 0.235938 0.0859375 0.0673395
0 0.5125 0.299219 0.33125 0.0484375 0.0675845
0 0.157813 0.405469 0.30625 0.0484375 0.0677493
0 0.40625 0.651563 0.340625 0.05625 0.068435
0 0.509375 0.396875 0.346875 0.0375 0.0687905
0 0.901563 0.0609375 0.196875 0.121875 0.0689594
0 0.510938 0.348437 0.315625 0.03125 0.0698684
0 0.901563 0.0984375 0.196875 0.128125 0.070136
0 0.136719 0.407031 0.273438 0.104687 0.0711447
0 0.554688 0.596094 0.284375 0.0359375 0.0768307
0 0.505469 0.44375 0.339063 0.053125 0.0872342
0 0.553906 0.544531 0.298438 0.0453125 0.0944006
0 0.559375 0.491406 0.334375 0.0390625 0.100904
