0 0.210938 0.034375 0.340625 0.06875 0.0501554
0 0.145313 0.302344 0.290625 0.110937 0.0501993
0 0.703906 0.551562 0.279687 0.05625 0.0503328
0 0.939062 0.630469 0.121875 0.0296875 0.0504585
0 0.661719 0.346094 0.282813 0.0265625 0.050462
0 0.357812 0.449219 0.2375 0.0328125 0.0504787
0 0.702344 0.4 0.382812 0.046875 0.0510059
0 0.828906 0.0515625 0.289062 0.103125 0.0511909
0 0.653906 0.495313 0.273438 0.0625 0.0512428
0 0.251563 0.957812 0.240625 0.084375 0.0512595
0 0.407813 0.403125 0.2 0.065625 0.0514439
0 0.414062 0.0203125 0.328125 0.040625 0.0516965
0 0.178125 0.654688 0.35625 0.1125 0.0517224
0 0.569531 0.0476562 0.326562 0.0890625 0.0517862
0 0.246875 0.914844 0.26875 0.135937 0.052071
0 0.25 0.759375 0.2625 0.134375 0.0521281
0 0.498437 0.734375 0.634375 0.53125 0.0525538
0 0.313281 0.108594 0.360938 0.0859375 0.0525762
0 0.572656 0.25 0.276563 0.078125 0.0526186
0 0.417969 0.2125 0.301562 0.103125 0.0526734
0 0.164062 0.452344 0.328125 0.0921875 0.0529274
0 0.607031 0.45 0.257812 0.028125 0.0532134
0 0.564062 0.710156 0.265625 0.120312 0.0533967
0 0.160938 0.950781 0.19375 0.0984375 0.0535247
0 0.821875 0.144531 0.328125 0.101562 0.0535779
0 0.145313 0.355469 0.290625 0.0796875 0.0540176
0 0.15 0.553125 0.3 0.06875 0.0541127
0 0.567969 0.298438 0.245312 0.046875 0.0545249
0 0.451562 0.607031 0.296875 0.0640625 0.0548815
0 0.670313 0.0992187 0.265625 0.0921875 0.0554398
0 0.610156 0.399219 0.220313 0.0234375 0.0554756
0 0.204688 0.867188 0.309375 0.1125 0.0557791
0 0.410937 0.659375 0.253125 0.075 0.0558345
0 0.573438 0.761719 0.290625 0.135937 0.056062
0 0.619531 0.0203125 0.329688 0.040625 0.0562352
0 0.35 0.778906 0.7 0.442187 0.0563525
0 0.825781 0.707031 0.348437 0.0703125 0.0567001
0 0.253125 0.810156 0.315625 0.0890625 0.0567047
0 0.561719 0.603125 0.217187 0.053125 0.0573164
0 0.571094 0.203125 0.314063 0.090625 0.0575081
0 0.567187 0.349219 0.234375 0.0265625 0.0576483
0 0.841406 0.752344 0.317187 0.170312 0.0577547
0 0.823438 0.096875 0.271875 0.09375 0.0581263
0 0.160156 0.817187 0.320312 0.165625 0.0583235
0 0.516406 0.3 0.298438 0.075 0.0584721
0 0.449219 0.559375 0.335938 0.09375 0.0588226
0 0.566406 0.153125 0.335938 0.078125 0.0588707
0 0.466406 0.255469 0.314063 0.132812 0.0592941
0 0.403125 0.914062 0.259375 0.140625 0.0594216
0 0.513281 0.347656 0.260938 0.0484375 0.0596499
0 0.467187 0.0632813 0.4125 0.126563 0.0597083
0 0.4625 0.15625 0.303125 0.1125 0.0598016
0 0.15 0.500781 0.3 0.0859375 0.0619691
0 0.4125 0.30625 0.28125 0.090625 0.0624665
0 0.404687 0.45 0.25625 0.06875 0.0626872
0 0.450781 0.503125 0.307813 0.1 0.0631734
0 0.460938 0.104687 0.3 0.1125 0.0631878
0 0.460938 0.864062 0.325 0.146875 0.0637127
0 0.675 0.0515625 0.321875 0.103125 0.0645448
0 0.55625 0.553125 0.240625 0.06875 0.0663293
0 0.161719 0.114063 0.323438 0.10625 0.066829
0 0.510156 0.392969 0.301562 0.0703125 0.0696933
0 0.560156 0.658594 0.229687 0.0609375 0.0712626
0 0.16875 0.0640625 0.3375 0.1125 0.0735736
0 0.507031 0.444531 0.295312 0.0828125 0.0750576
0 0.46875 0.0101562 0.209375 0.0203125 0.075872
0 0.558594 0.397656 0.229687 0.0359375 0.0759621
0 0.560938 0.448438 0.23125 0.046875 0.0808117
0 0.517969 0.8125 0.345313 0.190625 0.0824644
0 0.559375 0.498437 0.24375 0.05625 0.0826196
