0 0.475781 0.802344 0.951563 0.304688 0.0503654
0 0.360938 0.403125 0.309375 0.103125 0.0509051
0 0.461719 0.801562 0.254687 0.2 0.0511463
0 0.564062 0.301562 0.309375 0.08125 0.0513894
0 0.6 0.600781 0.234375 0.110937 0.0514518
0 0.474219 0.154687 0.298438 0.134375 0.051538
0 0.171094 0.499219 0.301562 0.151562 0.052113
0 0.472656 0.299219 0.307813 0.129688 0.0523799
0 0.561719 0.70625 0.257812 0.125 0.0543205
0 0.522656 0.897656 0.217187 0.204688 0.0554247
0 0.145313 0.602344 0.290625 0.114063 0.0563043
0 0.577344 0.103906 0.260938 0.114063 0.0566277
0 0.567187 0.352344 0.315625 0.0921875 0.0568187
0 0.5 0.442969 1 0.660937 0.0577528
0 0.583594 0.0554687 0.289062 0.110937 0.0594334
0 0.570312 0.205469 0.278125 0.107813 0.0594941
0 0.149219 0.549219 0.298438 0.151562 0.0598723
0 0.607813 0.496094 0.328125 0.129688 0.0608186
0 0.446875 0.498437 0.375 0.15625 0.0615328
0 0.467969 0.351562 0.339063 0.128125 0.0624809
0 0.599219 0.546875 0.307813 0.1125 0.0637047
0 0.571094 0.803125 0.220313 0.171875 0.0650376
0 0.575 0.154687 0.234375 0.1 0.0663835
0 0.553906 0.65625 0.282813 0.09375 0.0672793
0 0.400781 0.552344 0.339063 0.129688 0.0689814
0 0.410156 0.450781 0.329688 0.154687 0.071587
0 0.564844 0.4 0.357812 0.1375 0.0761229
0 0.559375 0.450781 0.375 0.139062 0.0950344
