0 0.616406 0.804688 0.423438 0.05625 0.0500278
0 0.878125 0.701563 0.025 0.04375 0.0507601
0 0.410937 0.303906 0.31875 0.0453125 0.0516819
0 0.315625 0.753125 0.284375 0.09375 0.0517447
0 0.465625 0.154687 0.284375 0.06875 0.0518508
0 0.174219 0.305469 0.348437 0.0546875 0.052028
0 0.91875 0.914062 0.1625 0.0625 0.0520586
0 0.467187 0.1 0.315625 0.109375 0.0524732
0 0.890625 0.110156 0.21875 0.0921875 0.052912
0 0.655469 0.960156 0.292188 0.0796875 0.0533661
0 0.8125 0.698438 0.375 0.025 0.0534472
0 0.167187 0.357031 0.334375 0.0328125 0.0534474
0 0.573438 0.0570313 0.290625 0.0828125 0.0538597
0 0.407031 0.785937 0.814062 0.428125 0.0541087
0 0.567969 0.16875 0.207813 0.05625 0.0545447
0 0.565625 0.261719 0.38125 0.0578125 0.0549959
0 0.813281 0.114844 0.235938 0.110937 0.0550093
0 0.3625 0.702344 0.3 0.0890625 0.0555287
0 0.459375 0.359375 0.296875 0.0375 0.0560672
0 0.416406 0.253125 0.279687 0.059375 0.0565271
0 0.164844 0.507031 0.329688 0.0390625 0.0567729
0 0.565625 0.116406 0.209375 0.0734375 0.0567969
0 0.165625 0.599219 0.33125 0.0546875 0.0568312
0 0.928125 0.925 0.00625 0.0875 0.0571196
0 0.174219 0.807813 0.304688 0.209375 0.0571477
0 0.416406 0.763281 0.223438 0.129688 0.0584352
0 0.307031 0.355469 0.429688 0.0234375 0.0585572
0 0.609375 0.653125 0.3125 0.0375 0.0590757
0 0.3625 0.653906 0.29375 0.0390625 0.0609145
0 0.303125 0.451562 0.40625 0.01875 0.0611361
0 0.364062 0.859375 0.284375 0.146875 0.0611973
0 0.605469 0.705469 0.345313 0.0578125 0.0620333
0 0.417969 0.813281 0.285937 0.164062 0.062093
0 0.305469 0.298438 0.445312 0.028125 0.0637108
0 0.351562 0.502344 0.3125 0.0296875 0.0645001
0 0.894531 0.0585938 0.210938 0.0984375 0.0648587
0 0.207813 0.604688 0.378125 0.025 0.0652496
0 0.307813 0.603125 0.35 0.015625 0.0653457
0 0.257031 0.402344 0.382812 0.0234375 0.0654367
0 0.564062 0.314063 0.321875 0.05 0.0655636
0 0.817187 0.0632813 0.2625 0.0953125 0.065856
0 0.560938 0.613281 0.3 0.0265625 0.0663699
0 0.252344 0.557813 0.392188 0.021875 0.0674164
0 0.350781 0.557031 0.298438 0.0296875 0.067792
0 0.508594 0.703125 0.348437 0.08125 0.0693294
0 0.407813 0.405469 0.334375 0.0359375 0.0704566
0 0.5125 0.653125 0.334375 0.046875 0.0706321
0 0.410937 0.610156 0.290625 0.0328125 0.0711153
0 0.177344 0.551562 0.354688 0.04375 0.0729548
0 0.564062 0.363281 0.3125 0.0328125 0.0729878
0 0.410937 0.450781 0.296875 0.0359375 0.0828134
0 0.4 0.558594 0.284375 0.0515625 0.0844278
0 0.407031 0.5 0.332812 0.053125 0.0851826
0 0.561719 0.410156 0.354688 0.0484375 0.0876083
0 0.564062 0.458594 0.303125 0.0671875 0.0912822
0 0.559375 0.5625 0.275 0.053125 0.092291
0 0.564844 0.507031 0.285937 0.0765625 0.103421
