0 0.823438 0.153125 0.3125 0.125 0.0501614
0 0.880469 0.296875 0.239063 0.128125 0.050486
0 0.816406 0.757031 0.342187 0.123438 0.0505728
0 0.780469 0.0539063 0.276563 0.107813 0.0505997
0 0.205469 0.609375 0.276563 0.04375 0.0506874
0 0.926562 0.805469 0.146875 0.117188 0.0509605
0 0.710938 0.352344 0.328125 0.0578125 0.0509788
0 0.884375 0.445312 0.23125 0.134375 0.0514352
0 0.853125 0.247656 0.29375 0.151562 0.051626
0 0.577344 0.0226563 0.292188 0.0453125 0.0517413
0 0.160938 0.814844 0.321875 0.120312 0.0517669
0 0.173438 0.940625 0.340625 0.11875 0.051768
0 0.269531 0.150781 0.232812 0.129688 0.052227
0 0.814844 0.353125 0.310937 0.09375 0.0523597
0 0.225781 0.0304688 0.248437 0.0609375 0.0527061
0 0.650781 0.560156 0.292188 0.0453125 0.0527322
0 0.263281 0.810938 0.285937 0.11875 0.0528917
0 0.839844 0.596094 0.320312 0.114063 0.0529192
0 0.308594 0.860156 0.282813 0.129688 0.0533686
0 0.871875 0.496875 0.25625 0.11875 0.0535598
0 0.610156 0.955469 0.389062 0.0890625 0.0537227
0 0.702344 0.452344 0.339063 0.0390625 0.0538229
0 0.885938 0.746094 0.228125 0.179688 0.0539179
0 0.56875 0.705469 0.20625 0.114063 0.0539467
0 0.767187 0.809375 0.315625 0.125 0.0540286
0 0.492969 0.747656 0.985937 0.442187 0.0543765
0 0.774219 0.101562 0.239063 0.1125 0.0544073
0 0.607031 0.904688 0.339063 0.13125 0.0544863
0 0.88125 0.346875 0.2375 0.134375 0.0546576
0 0.129688 0.605469 0.259375 0.0703125 0.0552786
0 0.678125 0.104687 0.25625 0.1125 0.0555134
0 0.869531 0.195312 0.260938 0.15 0.0558157
0 0.375 0.0242187 0.25625 0.0484375 0.0559617
0 0.474219 0.204688 0.317187 0.109375 0.0560152
0 0.250781 0.552344 0.314063 0.0609375 0.0561341
0 0.417969 0.709375 0.229687 0.165625 0.0561841
0 0.2625 0.399219 0.334375 0.0453125 0.0565211
0 0.474219 0.0320312 0.289062 0.0640625 0.0565841
0 0.802344 0.553906 0.332812 0.0734375 0.0566909
0 0.416406 0.901563 0.270312 0.15 0.0568753
0 0.271875 0.0992187 0.209375 0.132812 0.0570004
0 0.395312 0.453125 0.365625 0.06875 0.0572071
0 0.51875 0.754687 0.234375 0.2 0.0572159
0 0.570312 0.757031 0.215625 0.120312 0.0573175
0 0.517187 0.255469 0.38125 0.101562 0.057486
0 0.560938 0.855469 0.315625 0.104687 0.0576536
0 0.870313 0.550781 0.259375 0.142188 0.0577482
0 0.577344 0.213281 0.254687 0.0828125 0.0579098
0 0.888281 0.147656 0.223438 0.154687 0.0584493
0 0.807813 0.652344 0.384375 0.0984375 0.0592033
0 0.124219 0.35 0.248437 0.146875 0.059226
0 0.757031 0.402344 0.357812 0.0390625 0.0596325
0 0.395312 0.401563 0.446875 0.065625 0.0601905
0 0.258594 0.496875 0.310937 0.065625 0.0602694
0 0.232812 0.0640625 0.25 0.128125 0.0613014
0 0.416406 0.804688 0.198437 0.178125 0.0613125
0 0.269531 0.904688 0.301562 0.109375 0.0613384
0 0.663281 0.802344 0.329688 0.0953125 0.0613555
0 0.803125 0.503125 0.309375 0.05625 0.0614169
0 0.257812 0.45 0.33125 0.053125 0.0618745
0 0.183594 0.869531 0.367188 0.210938 0.0620087
0 0.380469 0.0601562 0.235938 0.120312 0.0620219
0 0.395312 0.360156 0.35625 0.0796875 0.0624619
0 0.146875 0.397656 0.29375 0.139062 0.0630992
0 0.665625 0.855469 0.346875 0.0796875 0.0637257
0 0.164062 0.502344 0.290625 0.107813 0.0639358
0 0.482031 0.065625 0.298438 0.13125 0.0645793
0 0.803125 0.452344 0.30625 0.0703125 0.0649597
0 0.497656 0.510156 0.335938 0.0703125 0.0652605
0 0.450781 0.30625 0.379687 0.103125 0.0653173
0 0.552344 0.609375 0.179688 0.046875 0.0653436
0 0.459375 0.944531 0.29375 0.110937 0.0669054
0 0.492969 0.40625 0.410937 0.10625 0.0675398
0 0.428906 0.108594 0.235938 0.120312 0.0675956
0 0.164844 0.553125 0.329688 0.084375 0.0685227
0 0.474219 0.155469 0.285937 0.114063 0.0686786
0 0.583594 0.0578125 0.292188 0.115625 0.0690522
0 0.563281 0.807031 0.254687 0.117188 0.069558
0 0.576563 0.110937 0.23125 0.1125 0.0704392
0 0.453125 0.607813 0.240625 0.121875 0.0714859
0 0.546094 0.415625 0.351562 0.059375 0.0740192
0 0.496094 0.455469 0.339063 0.0515625 0.0742345
0 0.167969 0.453906 0.289062 0.139062 0.0744178
0 0.550781 0.367188 0.367188 0.053125 0.0746775
0 0.576563 0.163281 0.23125 0.0828125 0.0785107
0 0.5 0.557031 0.3125 0.126563 0.0804297
0 0.544531 0.564062 0.282813 0.065625 0.0869538
0 0.59375 0.461719 0.240625 0.0421875 0.087756
0 0.591406 0.515625 0.201562 0.034375 0.0879997
