0 0.159375 0.401563 0.253125 0.084375 0.050426
0 0.160938 0.453906 0.28125 0.120312 0.0505258
0 0.503125 0.217969 0.346875 0.170312 0.0505568
0 0.20625 0.502344 0.2875 0.0609375 0.0506587
0 0.576563 0.747656 0.225 0.120312 0.0514194
0 0.792188 0.301562 0.415625 0.09375 0.0514698
0 0.807813 0.650781 0.35625 0.0734375 0.0515224
0 0.522656 0.795313 0.295312 0.196875 0.0517646
0 0.796094 0.513281 0.407813 0.0453125 0.051972
0 0.654688 0.125 0.33125 0.1625 0.0524413
0 0.672656 0.951563 0.260938 0.08125 0.0525444
0 0.805469 0.602344 0.373437 0.0453125 0.0527145
0 0.653906 0.394531 0.692187 0.573438 0.0529408
0 0.5 0.44375 1 0.396875 0.0529938
0 0.616406 0.596875 0.189063 0.065625 0.0538257
0 0.88125 0.796094 0.2375 0.0921875 0.0538867
0 0.8 0.414062 0.38125 0.06875 0.0550896
0 0.609375 0.225 0.51875 0.45 0.0552089
0 0.850781 0.552344 0.298438 0.0578125 0.0555578
0 0.673437 0.903906 0.28125 0.0640625 0.0555838
0 0.599219 0.182812 0.279687 0.14375 0.0561604
0 0.561719 0.279687 0.226562 0.121875 0.0562609
0 0.889844 0.56875 0.220313 0.059375 0.0565254
0 0.361719 0.117969 0.326562 0.167187 0.0566667
0 0.894531 0.463281 0.210938 0.0671875 0.0576088
0 0.385156 0.296094 0.770312 0.526563 0.0578794
0 0.370313 0.0625 0.303125 0.115625 0.0591034
0 0.575 0.646875 0.209375 0.103125 0.0591803
0 0.405469 0.598437 0.217187 0.121875 0.059346
0 0.8 0.460938 0.390625 0.059375 0.0594232
0 0.552344 0.413281 0.251563 0.0953125 0.0597525
0 0.803906 0.357031 0.392188 0.0859375 0.0604169
0 0.403125 0.451562 0.296875 0.0625 0.0605138
0 0.453125 0.108594 0.325 0.123438 0.0609412
0 0.402344 0.551562 0.285937 0.146875 0.0610125
0 0.407813 0.16875 0.390625 0.178125 0.0611323
0 0.611719 0.200781 0.776563 0.401563 0.0617445
0 0.572656 0.900781 0.273438 0.0984375 0.0626013
0 0.404687 0.501562 0.31875 0.1 0.0631814
0 0.452344 0.396094 0.389062 0.0671875 0.0638026
0 0.576563 0.853125 0.265625 0.115625 0.067684
0 0.575781 0.802344 0.245312 0.117188 0.0704649
0 0.554688 0.45625 0.315625 0.090625 0.0704909
0 0.885156 0.514844 0.229687 0.0609375 0.0714717
0 0.50625 0.548437 0.309375 0.19375 0.0716209
0 0.508594 0.216406 0.185937 0.432813 0.0850699
0 0.557031 0.50625 0.339063 0.10625 0.088621
0 0.559375 0.553906 0.315625 0.101562 0.0887341
0 0.566406 0.596094 0.235938 0.0921875 0.0896272
0 0.555469 0.241406 0.201562 0.482812 0.0905705
0 0.553125 0.139844 0.421875 0.279687 0.0922197
