0 0.466406 0.302344 0.310937 0.135937 0.0501701
0 0.5 0.295312 1 0.45 0.0507098
0 0.814844 0.904688 0.285937 0.13125 0.0509555
0 0.569531 0.946875 0.320312 0.10625 0.05125
0 0.407031 0.454688 0.226562 0.09375 0.0512934
0 0.804688 0.654688 0.365625 0.0625 0.0513995
0 0.270312 0.948438 0.20625 0.103125 0.0516544
0 0.615625 0.396875 0.309375 0.040625 0.0517048
0 0.275781 0.10625 0.251563 0.0875 0.0517601
0 0.80625 0.35 0.3875 0.06875 0.0520077
0 0.247656 0.410937 0.267188 0.059375 0.0520796
0 0.121875 0.947656 0.18125 0.104687 0.0524434
0 0.700781 0.814062 0.264062 0.11875 0.0526258
0 0.420312 0.211719 0.275 0.107813 0.0526753
0 0.885938 0.80625 0.228125 0.140625 0.0527439
0 0.516406 0.855469 0.351562 0.170312 0.053436
0 0.8875 0.704687 0.225 0.121875 0.0534481
0 0.36875 0.760156 0.7375 0.479688 0.055187
0 0.567187 0.758594 0.253125 0.110937 0.0552257
0 0.658594 0.603125 0.314063 0.046875 0.0555076
0 0.164062 0.917969 0.2375 0.164062 0.0555459
0 0.797656 0.449219 0.404687 0.0734375 0.0555705
0 0.803906 0.398438 0.392188 0.05625 0.0557666
0 0.803906 0.603125 0.376563 0.053125 0.0563463
0 0.564062 0.707812 0.284375 0.115625 0.0564013
0 0.402344 0.610156 0.332812 0.0578125 0.0565302
0 0.194531 0.407813 0.204688 0.0375 0.0566715
0 0.866406 0.607031 0.267188 0.0953125 0.0566724
0 0.614062 0.444531 0.353125 0.0546875 0.0580663
0 0.871875 0.655469 0.25625 0.104687 0.0582767
0 0.1875 0.710938 0.1125 0.021875 0.0587951
0 0.888281 0.451562 0.223438 0.1375 0.0589353
0 0.367969 0.90625 0.357812 0.128125 0.0591603
0 0.377344 0.0640625 0.295312 0.1125 0.0591667
0 0.422656 0.163281 0.273438 0.110937 0.0594208
0 0.522656 0.349219 0.295312 0.0953125 0.0597158
0 0.234375 0.710156 0.096875 0.0140625 0.0600669
0 0.759375 0.49375 0.415625 0.0625 0.0606581
0 0.567187 0.810938 0.28125 0.14375 0.0608089
0 0.371094 0.117188 0.260938 0.1 0.0608748
0 0.571875 0.299219 0.265625 0.0859375 0.0609647
0 0.566406 0.907031 0.342187 0.132812 0.0617721
0 0.657031 0.549219 0.364062 0.0609375 0.063165
0 0.803125 0.551562 0.3875 0.071875 0.0635895
0 0.842188 0.4 0.315625 0.109375 0.0636941
0 0.414844 0.817969 0.310937 0.157813 0.0639665
0 0.573438 0.205469 0.28125 0.104687 0.0643169
0 0.570312 0.102344 0.28125 0.126563 0.0643955
0 0.558594 0.664844 0.314063 0.0828125 0.0645137
0 0.578125 0.0585938 0.296875 0.117188 0.0661127
0 0.867969 0.502344 0.264062 0.126563 0.0662976
0 0.572656 0.250781 0.289062 0.0890625 0.0666961
0 0.861719 0.555469 0.276563 0.0953125 0.066752
0 0.517187 0.397656 0.3625 0.0984375 0.0707314
0 0.571094 0.15625 0.273438 0.10625 0.0727954
0 0.514063 0.447656 0.378125 0.0921875 0.0746555
0 0.566406 0.49375 0.407813 0.0875 0.0752028
0 0.55625 0.613281 0.3375 0.0828125 0.0756728
0 0.248437 0.463281 0.24375 0.0265625 0.0820599
0 0.557813 0.553125 0.38125 0.090625 0.0842068
