0 0.5 0.400781 1 0.492188 0.0503323
0 0.892969 0.615625 0.214062 0.08125 0.0503445
0 0.521094 0.121094 0.329688 0.0859375 0.0504356
0 0.419531 0.902344 0.257812 0.167187 0.0505436
0 0.64375 0.419531 0.378125 0.0890625 0.0506525
0 0.740625 0.364062 0.453125 0.09375 0.0510182
0 0.899219 0.565625 0.201562 0.084375 0.0510643
0 0.509375 0.603125 0.278125 0.06875 0.0514407
0 0.4125 0.169531 0.25 0.0734375 0.0518911
0 0.550781 0.752344 0.885938 0.357812 0.0519099
0 0.802344 0.767969 0.314063 0.0859375 0.0519356
0 0.378125 0.059375 0.275 0.059375 0.0521157
0 0.511719 0.652344 0.282813 0.0984375 0.052441
0 0.710938 0.161719 0.578125 0.323438 0.0526694
0 0.814844 0.449219 0.257812 0.429688 0.0530045
0 0.554688 0.557813 0.25625 0.0625 0.0530219
0 0.45625 0.364062 0.2125 0.075 0.0534491
0 0.504687 0.849219 0.3875 0.0953125 0.0534609
0 0.846875 0.814844 0.30625 0.110937 0.0538248
0 0.824219 0.66875 0.351562 0.08125 0.0544373
0 0.790625 0.610156 0.41875 0.0765625 0.0545909
0 0.55 0.508594 0.296875 0.0609375 0.0546435
0 0.390625 0.528906 0.153125 0.729688 0.0548176
0 0.544531 0.460938 0.298438 0.05625 0.0552487
0 0.346094 0.560156 0.223438 0.151562 0.0571594
0 0.802344 0.460156 0.395312 0.0640625 0.0575125
0 0.798437 0.715625 0.378125 0.06875 0.0575143
0 0.602344 0.367969 0.354688 0.0703125 0.0593738
0 0.417188 0.121094 0.296875 0.0671875 0.0598541
0 0.358594 0.549219 0.595312 0.582812 0.0616034
0 0.714844 0.445312 0.451562 0.615625 0.0617308
0 0.6625 0.403125 0.1875 0.584375 0.0638926
0 0.759375 0.384375 0.125 0.109375 0.0666322
0 0.4 0.45625 0.196875 0.128125 0.0678243
0 0.447656 0.5625 0.170312 0.10625 0.0690707
0 0.444531 0.41875 0.214062 0.0875 0.0751155
0 0.399219 0.507812 0.204688 0.15 0.0797248
0 0.447656 0.505469 0.148438 0.104687 0.0912027
0 0.445312 0.460156 0.18125 0.0796875 0.0957744
0 0.705469 0.402344 0.485938 0.270312 0.096437
