0 0.619531 0.117188 0.164062 0.0625 0.0500417
0 0.805469 0.360938 0.289062 0.053125 0.050082
0 0.450781 0.314063 0.354688 0.0875 0.050095
0 0.746875 0.395312 0.50625 0.60625 0.0501222
0 0.710156 0.353125 0.339063 0.046875 0.0504009
0 0.167187 0.709375 0.334375 0.58125 0.0504679
0 0.557031 0.504687 0.342187 0.059375 0.0504745
0 0.7375 0.5125 0.35625 0.065625 0.0515934
0 0.505469 0.403125 0.370313 0.084375 0.0518591
0 0.45 0.219531 0.378125 0.0921875 0.0519596
0 0.554688 0.803125 0.628125 0.39375 0.0523447
0 0.448438 0.611719 0.31875 0.0578125 0.0532108
0 0.282813 0.419531 0.03125 0.142188 0.0534223
0 0.0992187 0.701563 0.114063 0.05625 0.0534266
0 0.175 0.165625 0.35 0.125 0.0536088
0 0.457031 0.859375 0.442187 0.103125 0.0541073
0 0.299219 0.161719 0.357812 0.0296875 0.0542584
0 0.511719 0.167187 0.332812 0.059375 0.0545499
0 0.739062 0.4625 0.290625 0.06875 0.0547544
0 0.557031 0.903125 0.401563 0.096875 0.0548364
0 0.504687 0.65625 0.371875 0.0625 0.0550569
0 0.610156 0.859375 0.329688 0.1125 0.0552178
0 0.239844 0.361719 0.354688 0.0671875 0.0554909
0 0.463281 0.947656 0.339063 0.104687 0.0555595
0 0.702344 0.403906 0.370313 0.0796875 0.0560304
0 0.844531 0.414844 0.310937 0.0765625 0.0569893
0 0.50625 0.7625 0.3875 0.14375 0.0571034
0 0.785156 0.557813 0.139062 0.0375 0.0575836
0 0.790625 0.583594 0.1125 0.0328125 0.0582699
0 0.264844 0.028125 0.317187 0.05625 0.058539
0 0.773438 0.655469 0.25625 0.389062 0.058565
0 0.448438 0.5625 0.33125 0.053125 0.0586657
0 0.522656 0.115625 0.310937 0.078125 0.0599968
0 0.215625 0.114844 0.328125 0.0828125 0.0600704
0 0.527344 0.0601562 0.264062 0.0859375 0.0605572
0 0.416406 0.495313 0.832812 0.334375 0.062526
0 0.102344 0.728125 0.0828125 0.0875 0.0627417
0 0.216406 0.0617188 0.332812 0.0921875 0.0646588
0 0.415625 0.065625 0.25625 0.071875 0.0653487
0 0.257812 0.453125 0.309375 0.528125 0.067733
0 0.563281 0.813281 0.354688 0.167187 0.0685325
0 0.238281 0.424219 0.301562 0.114063 0.0722947
0 0.760938 0.6125 0.05625 0.146875 0.0802921
