0 0.517187 0.863281 0.271875 0.176563 0.0504599
0 0.202344 0.448438 0.323438 0.040625 0.0511865
0 0.322656 0.855469 0.251563 0.132812 0.0513751
0 0.459375 0.705469 0.328125 0.142188 0.0515723
0 0.353125 0.302344 0.390625 0.0703125 0.0526152
0 0.652344 0.254687 0.439063 0.0625 0.0528134
0 0.514844 0.028125 0.370313 0.05625 0.05323
0 0.60625 0.398438 0.25 0.05 0.0532493
0 0.159375 0.403125 0.31875 0.05 0.0536606
0 0.477344 0.694531 0.954687 0.532812 0.0537621
0 0.885156 0.053125 0.229687 0.0625 0.0540183
0 0.499219 0.264844 0.464063 0.0921875 0.0540546
0 0.460938 0.755469 0.28125 0.164062 0.0542394
0 0.660156 0.910937 0.242188 0.075 0.0546963
0 0.563281 0.703906 0.304688 0.0734375 0.0547908
0 0.463281 0.653125 0.339063 0.096875 0.0548505
0 0.830469 0.157031 0.339063 0.0828125 0.0548888
0 0.56875 0.907031 0.23125 0.185937 0.0551302
0 0.454688 0.552344 0.371875 0.0859375 0.0553157
0 0.83125 0.604688 0.3375 0.04375 0.0555521
0 0.167187 0.350781 0.334375 0.0578125 0.0559028
0 0.492188 0.152344 0.503125 0.0734375 0.0562964
0 0.410937 0.600781 0.2875 0.0796875 0.0564286
0 0.752344 0.497656 0.370313 0.0359375 0.0567182
0 0.804688 0.398438 0.390625 0.075 0.056795
0 0.660937 0.601562 0.2625 0.046875 0.0572539
0 0.505469 0.307031 0.442187 0.0890625 0.0576915
0 0.128906 0.550781 0.257812 0.120312 0.0579576
0 0.421875 0.9125 0.225 0.175 0.0582288
0 0.127344 0.500781 0.254687 0.101562 0.0583248
0 0.863281 0.650781 0.273438 0.0921875 0.0588987
0 0.139844 0.402344 0.279687 0.0984375 0.0591423
0 0.822656 0.451562 0.354688 0.0625 0.0594044
0 0.660937 0.025 0.3125 0.05 0.0594073
0 0.5625 0.760938 0.296875 0.11875 0.0603706
0 0.560938 0.819531 0.26875 0.151562 0.0606405
0 0.54375 0.207813 0.49375 0.053125 0.06066
0 0.125 0.452344 0.25 0.0828125 0.0613059
0 0.509375 0.347656 0.41875 0.0578125 0.0613373
0 0.403125 0.403906 0.30625 0.0453125 0.0613777
0 0.703125 0.550781 0.334375 0.0484375 0.0626145
0 0.401563 0.207813 0.453125 0.121875 0.0632149
0 0.700781 0.205469 0.420312 0.0703125 0.0641627
0 0.548437 0.10625 0.4875 0.1125 0.0642694
0 0.817187 0.501562 0.365625 0.053125 0.0645124
0 0.822656 0.55 0.354688 0.034375 0.0657891
0 0.659375 0.0578125 0.3625 0.090625 0.0672283
0 0.45 0.503125 0.365625 0.0625 0.0674267
0 0.420312 0.816406 0.253125 0.207813 0.0684165
0 0.703125 0.15625 0.396875 0.078125 0.0705154
0 0.447656 0.449219 0.360938 0.0453125 0.0712342
0 0.566406 0.650781 0.323438 0.0484375 0.0715475
0 0.510156 0.395312 0.357812 0.059375 0.0761329
0 0.4 0.158594 0.425 0.129688 0.076961
0 0.415625 0.053125 0.353125 0.10625 0.078318
0 0.5625 0.546875 0.3125 0.04375 0.0790934
0 0.564062 0.494531 0.296875 0.0546875 0.0812172
0 0.560938 0.6 0.29375 0.040625 0.0828843
0 0.403906 0.109375 0.329688 0.13125 0.0838464
0 0.565625 0.446875 0.284375 0.059375 0.0952757
