0 0.853125 0.448438 0.29375 0.09375 0.050064
0 0.527344 0.0695312 0.351562 0.139062 0.0504515
0 0.664844 0.90625 0.357812 0.096875 0.0505826
0 0.129688 0.4125 0.259375 0.059375 0.0509582
0 0.617188 0.853125 0.375 0.1 0.0511128
0 0.465625 0.800781 0.35 0.123438 0.0518178
0 0.14375 0.663281 0.1625 0.639063 0.0520008
0 0.274219 0.0515625 0.339063 0.103125 0.053562
0 0.414062 0.782031 0.78125 0.435937 0.0540804
0 0.320312 0.110156 0.303125 0.0984375 0.0543006
0 0.661719 0.599219 0.245312 0.0453125 0.0543948
0 0.664062 0.649219 0.284375 0.0421875 0.0546832
0 0.165625 0.510938 0.33125 0.078125 0.0549405
0 0.764063 0.44375 0.2875 0.06875 0.05555
0 0.571094 0.302344 0.242188 0.0734375 0.0557751
0 0.46875 0.900781 0.38125 0.123438 0.0560494
0 0.421875 0.352344 0.21875 0.0515625 0.0561975
0 0.04375 0.783594 0.0875 0.104687 0.0562528
0 0.520312 0.297656 0.296875 0.120312 0.0566511
0 0.571094 0.253906 0.251563 0.0703125 0.056711
0 0.857031 0.545313 0.285937 0.1125 0.0571882
0 0.653906 0.549219 0.242188 0.0671875 0.0576691
0 0.467969 0.852344 0.367188 0.132812 0.0577592
0 0.571094 0.755469 0.264062 0.0796875 0.0578173
0 0.759375 0.496875 0.290625 0.065625 0.057863
0 0.855469 0.496094 0.289062 0.110937 0.0580967
0 0.122656 0.616406 0.245312 0.0765625 0.0584728
0 0.567969 0.353125 0.210938 0.040625 0.0588954
0 0.516406 0.7 0.298438 0.11875 0.0592162
0 0.578906 0.158594 0.289062 0.0921875 0.0595672
0 0.145313 0.710938 0.290625 0.25 0.0599696
0 0.575 0.208594 0.296875 0.0765625 0.0601668
0 0.664062 0.44375 0.271875 0.053125 0.0606254
0 0.567969 0.805469 0.326562 0.0890625 0.0610517
0 0.413281 0.657031 0.226562 0.0640625 0.0616172
0 0.158594 0.736719 0.317187 0.0609375 0.0617341
0 0.660937 0.494531 0.28125 0.0578125 0.0617631
0 0.310937 0.705469 0.621875 0.248437 0.0619604
0 0.580469 0.110156 0.276563 0.120312 0.0625596
0 0.4125 0.403125 0.25 0.0625 0.0641154
0 0.410156 0.450781 0.267188 0.0796875 0.0650383
0 0.510938 0.445312 0.33125 0.096875 0.0669265
0 0.154687 0.677344 0.309375 0.0515625 0.0671514
0 0.515625 0.350781 0.253125 0.0671875 0.0680207
0 0.410156 0.60625 0.245312 0.05 0.0704168
0 0.567187 0.653906 0.240625 0.0546875 0.0708456
0 0.509375 0.396094 0.28125 0.0734375 0.0751958
0 0.5625 0.600781 0.23125 0.0546875 0.0775734
0 0.565625 0.446875 0.253125 0.0625 0.0839704
0 0.404687 0.554688 0.30625 0.090625 0.0859087
0 0.4125 0.499219 0.3 0.0828125 0.0873619
0 0.563281 0.496094 0.307813 0.0796875 0.0901231
0 0.557031 0.549219 0.257812 0.0859375 0.0951768
