0 0.810156 0.548437 0.376563 0.034375 0.0500964
0 0.757812 0.6 0.375 0.021875 0.0503411
0 0.360938 0.351562 0.215625 0.05 0.0503669
0 0.816406 0.649219 0.0546875 0.0421875 0.0511412
0 0.16875 0.600781 0.24375 0.0890625 0.051178
0 0.310937 0.442969 0.25625 0.0453125 0.0513311
0 0.436719 0.797656 0.435937 0.0609375 0.051978
0 0.613281 0.201562 0.370313 0.05625 0.052081
0 0.263281 0.494531 0.248437 0.0484375 0.0522307
0 0.788281 0.669531 0.0546875 0.0328125 0.0522671
0 0.219531 0.55 0.245312 0.065625 0.0526278
0 0.374219 0.851562 0.398438 0.109375 0.0534347
0 0.664062 0.64375 0.4125 0.028125 0.0534859
0 0.875 0.417188 0.059375 0.1 0.0538647
0 0.310156 0.646094 0.342187 0.0546875 0.0539932
0 0.517969 0.0492188 0.426562 0.0390625 0.0542163
0 0.267188 0.809375 0.33125 0.1375 0.0543101
0 0.264844 0.597656 0.254687 0.0453125 0.0543818
0 0.317969 0.903906 0.273438 0.135937 0.0550957
0 0.6125 0.153125 0.409375 0.053125 0.0555183
0 0.422656 0.447656 0.279687 0.0578125 0.057165
0 0.417188 0.495313 0.325 0.028125 0.0573122
0 0.899219 0.417188 0.0546875 0.09375 0.0574242
0 0.579687 0.442969 0.4 0.0546875 0.057441
0 0.627344 0.342187 0.0421875 0.046875 0.0580357
0 0.563281 0.100781 0.342187 0.0671875 0.05876
0 0.314844 0.542969 0.304688 0.0265625 0.0591613
0 0.421094 0.403906 0.260938 0.0671875 0.0593513
0 0.464063 0.197656 0.421875 0.0609375 0.0596922
0 0.801562 0.667188 0.05 0.05 0.0606584
0 0.669531 0.4 0.392188 0.046875 0.0606771
0 0.365625 0.596875 0.30625 0.03125 0.06147
0 0.664844 0.491406 0.435937 0.0203125 0.0623632
0 0.4625 0.692969 0.415625 0.0390625 0.0624434
0 0.613281 0.503125 0.404687 0.040625 0.0633883
0 0.421094 0.05 0.351562 0.059375 0.063471
0 0.465625 0.596875 0.290625 0.040625 0.063861
0 0.622656 0.591406 0.392188 0.0390625 0.0650689
0 0.417969 0.546875 0.304688 0.03125 0.0651336
0 0.667188 0.442969 0.41875 0.0234375 0.0661657
0 0.666406 0.546094 0.376563 0.0265625 0.0676186
0 0.461719 0.15 0.392188 0.0625 0.0680427
0 0.564844 0.548437 0.376563 0.046875 0.0707801
0 0.415625 0.100781 0.325 0.0703125 0.0718262
0 0.464063 0.644531 0.365625 0.0359375 0.07483
0 0.570312 0.638281 0.403125 0.0234375 0.0860859
