0 0.89375 0.675 0.2125 0.059375 0.0502519
0 0.416406 0.64375 0.245312 0.703125 0.0504682
0 0.295312 0.5125 0.35 0.08125 0.0505045
0 0.805469 0.351562 0.389062 0.078125 0.0507221
0 0.55625 0.764063 0.403125 0.471875 0.0507926
0 0.664844 0.861719 0.267188 0.0953125 0.0509402
0 0.517969 0.942187 0.282813 0.115625 0.0513777
0 0.414844 0.703125 0.0703125 0.0125 0.0518442
0 0.413281 0.905469 0.301562 0.110937 0.0523341
0 0.86875 0.7625 0.2625 0.084375 0.0525271
0 0.886719 0.303906 0.226562 0.0765625 0.0527879
0 0.211719 0.810938 0.289062 0.121875 0.0535449
0 0.799219 0.508594 0.348437 0.0859375 0.0536768
0 0.760156 0.307031 0.479688 0.0890625 0.0537047
0 0.326562 0.770312 0.653125 0.459375 0.0538176
0 0.357031 0.309375 0.229687 0.034375 0.0539427
0 0.873438 0.253906 0.253125 0.101562 0.0541544
0 0.398438 0.7125 0.425 0.06875 0.0542042
0 0.638281 0.769531 0.723437 0.460938 0.0551851
0 0.796875 0.557813 0.31875 0.06875 0.0552418
0 0.165625 0.357031 0.246875 0.0578125 0.055454
0 0.482812 0.0640625 0.284375 0.128125 0.0555753
0 0.8625 0.205469 0.275 0.110937 0.0561348
0 0.800781 0.457031 0.354688 0.0796875 0.0562848
0 0.39375 0.515625 0.321875 0.1125 0.0564618
0 0.867188 0.1 0.265625 0.1 0.0576249
0 0.799219 0.605469 0.273438 0.0640625 0.0576541
0 0.814844 0.0554687 0.339063 0.0796875 0.0577744
0 0.600781 0.619531 0.276563 0.0390625 0.0578681
0 0.290625 0.630469 0.096875 0.0546875 0.0579703
0 0.408594 0.314844 0.285937 0.0609375 0.0587666
0 0.239844 0.571875 0.339063 0.08125 0.059324
0 0.865625 0.155469 0.26875 0.101562 0.0597739
0 0.307813 0.357031 0.35 0.0421875 0.0601198
0 0.3875 0.564062 0.31875 0.1375 0.0602619
0 0.4 0.804688 0.428125 0.128125 0.0602698
0 0.296094 0.671094 0.379687 0.0484375 0.0610654
0 0.607031 0.2625 0.339063 0.078125 0.061086
0 0.403125 0.857813 0.371875 0.121875 0.0611012
0 0.801562 0.109375 0.353125 0.084375 0.061347
0 0.883594 0.728906 0.232812 0.0484375 0.0616096
0 0.160938 0.411719 0.321875 0.0515625 0.0616368
0 0.472656 0.107813 0.251563 0.128125 0.0619125
0 0.166406 0.509375 0.332812 0.05 0.0624406
0 0.567969 0.2125 0.342187 0.109375 0.0627308
0 0.866406 0.713281 0.267188 0.0484375 0.0638245
0 0.467969 0.160156 0.304688 0.126563 0.0641603
0 0.246094 0.457812 0.373437 0.059375 0.0652131
0 0.389844 0.660937 0.401563 0.059375 0.0657232
0 0.4125 0.604688 0.075 0.05 0.0659512
0 0.552344 0.671875 0.276563 0.059375 0.0667766
0 0.558594 0.3125 0.382812 0.078125 0.0675374
0 0.55625 0.9125 0.325 0.128125 0.0676142
0 0.164062 0.457031 0.328125 0.0390625 0.0678298
0 0.401563 0.367969 0.28125 0.0578125 0.0682395
0 0.594531 0.51875 0.285937 0.04375 0.0691091
0 0.592188 0.472656 0.31875 0.0515625 0.0696063
0 0.396094 0.416406 0.339063 0.0921875 0.0699057
0 0.392969 0.470313 0.367188 0.134375 0.0700255
0 0.557031 0.365625 0.342187 0.046875 0.0708618
0 0.552344 0.71875 0.289062 0.1125 0.0734998
0 0.595312 0.567187 0.30625 0.034375 0.07676
0 0.552344 0.769531 0.332812 0.135937 0.0768913
0 0.573438 0.0625 0.2875 0.10625 0.0776247
0 0.567187 0.161719 0.365625 0.0890625 0.078329
0 0.570312 0.1125 0.29375 0.078125 0.0783715
0 0.552344 0.864844 0.342187 0.126563 0.0785396
0 0.546875 0.420312 0.36875 0.06875 0.0792119
0 0.342187 0.614062 0.39375 0.06875 0.0808916
0 0.544531 0.474219 0.367188 0.101562 0.0831239
0 0.546094 0.523438 0.320312 0.115625 0.0889822
0 0.547656 0.625781 0.342187 0.0703125 0.0950119
0 0.544531 0.578125 0.320312 0.084375 0.105854
