0 0.3125 0.151562 0.240625 0.071875 0.0501183
0 0.921875 0.353906 0.15625 0.132812 0.05027
0 0.158594 0.451562 0.248437 0.0875 0.0503387
0 0.124219 0.875 0.0453125 0.096875 0.0504329
0 0.149219 0.654688 0.298438 0.10625 0.0504569
0 0.622656 0.907031 0.270312 0.142188 0.0504682
0 0.657812 0.551562 0.265625 0.0625 0.0504809
0 0.267188 0.941406 0.23125 0.117188 0.0506944
0 0.161719 0.403906 0.292188 0.0859375 0.0506958
0 0.767187 0.853125 0.309375 0.140625 0.0508951
0 0.370313 0.0265625 0.2375 0.053125 0.05182
0 0.414062 0.357031 0.203125 0.0390625 0.0518648
0 0.146875 0.0703125 0.29375 0.140625 0.0531837
0 0.410156 0.657031 0.232812 0.0890625 0.053533
0 0.4625 0.254687 0.3125 0.0625 0.0536867
0 0.660937 0.495313 0.2625 0.065625 0.0537171
0 0.566406 0.257031 0.242188 0.0640625 0.0538184
0 0.175781 0.851562 0.326562 0.103125 0.0539326
0 0.407031 0.211719 0.264062 0.0546875 0.0540087
0 0.878906 0.702344 0.242188 0.114063 0.0541138
0 0.40625 0.404687 0.253125 0.05 0.0541954
0 0.880469 0.798437 0.239063 0.15625 0.0543709
0 0.460156 0.752344 0.304688 0.179688 0.0546418
0 0.40625 0.602344 0.265625 0.0734375 0.0549313
0 0.175 0.8 0.35 0.090625 0.0549961
0 0.667969 0.857813 0.235938 0.11875 0.0550582
0 0.867188 0.399219 0.253125 0.0828125 0.0551286
0 0.571875 0.0195312 0.2875 0.0390625 0.0553999
0 0.870313 0.348437 0.25625 0.103125 0.05558
0 0.860156 0.447656 0.267188 0.0921875 0.0556274
0 0.504687 0.599219 0.378125 0.0515625 0.0558882
0 0.307813 0.502344 0.284375 0.0515625 0.0559231
0 0.554688 0.713281 0.321875 0.0640625 0.0562613
0 0.560938 0.7625 0.3375 0.084375 0.0562816
0 0.848437 0.653125 0.303125 0.115625 0.0563898
0 0.517187 0.302344 0.28125 0.0703125 0.0567865
0 0.475 0.0226563 0.25625 0.0453125 0.0569826
0 0.3125 0.10625 0.225 0.084375 0.0578119
0 0.857813 0.501562 0.284375 0.1125 0.0587451
0 0.247656 0.197656 0.495313 0.395312 0.0589301
0 0.848437 0.553125 0.303125 0.1125 0.0589559
0 0.401563 0.553906 0.303125 0.0984375 0.0592379
0 0.504687 0.65625 0.328125 0.053125 0.0599316
0 0.321094 0.053125 0.251563 0.09375 0.0612874
0 0.660156 0.110937 0.185937 0.11875 0.0621026
0 0.563281 0.808594 0.364062 0.120312 0.062257
0 0.554688 0.15625 0.346875 0.0625 0.063533
0 0.55625 0.210938 0.340625 0.065625 0.0644276
0 0.834375 0.601562 0.33125 0.096875 0.0648943
0 0.553906 0.560938 0.335938 0.0875 0.0652916
0 0.465625 0.849219 0.334375 0.185937 0.0659166
0 0.5625 0.0492188 0.35 0.0890625 0.0696589
0 0.517187 0.35 0.26875 0.071875 0.0715661
0 0.400781 0.164844 0.235938 0.0390625 0.0719944
0 0.550781 0.101562 0.360938 0.078125 0.0727719
0 0.509375 0.399219 0.290625 0.0921875 0.0738624
0 0.416406 0.0554687 0.245312 0.0796875 0.0772708
0 0.402344 0.504687 0.304688 0.1 0.0785115
0 0.563281 0.45 0.301562 0.09375 0.0806264
0 0.446094 0.453125 0.329688 0.08125 0.0824747
0 0.404687 0.107031 0.240625 0.0765625 0.0843016
0 0.557031 0.502344 0.285937 0.0890625 0.0906937
