0 0.175781 0.399219 0.254687 0.0984375 0.0501508
0 0.714844 0.186719 0.292188 0.373437 0.0505345
0 0.610937 0.604688 0.215625 0.021875 0.0505544
0 0.505469 0.407031 0.0796875 0.0953125 0.0506293
0 0.5625 0.405469 0.071875 0.0796875 0.0507421
0 0.617188 0.497656 0.1625 0.0484375 0.0509762
0 0.89375 0.660937 0.2125 0.075 0.051081
0 0.253906 0.8875 0.507812 0.225 0.0513824
0 0.150781 0.0914062 0.0578125 0.145313 0.0514364
0 0.6125 0.551562 0.19375 0.04375 0.0515287
0 0.453906 0.485156 0.857813 0.629687 0.0520594
0 0.50625 0.450781 0.115625 0.114063 0.0528721
0 0.673437 0.85625 0.421875 0.071875 0.053058
0 0.173438 0.453125 0.259375 0.11875 0.0533174
0 0.819531 0.944531 0.273438 0.110937 0.053483
0 0.68125 0.904688 0.371875 0.0625 0.0540299
0 0.409375 0.751562 0.815625 0.375 0.0542649
0 0.821875 0.910156 0.2875 0.101562 0.0544485
0 0.670313 0.80625 0.35625 0.096875 0.0544816
0 0.4125 0.657812 0.25625 0.0625 0.0552108
0 0.913281 0.219531 0.0234375 0.0171875 0.0554021
0 0.4 0.557031 0.203125 0.145313 0.0556078
0 0.453125 0.603125 0.234375 0.103125 0.0557983
0 0.5625 0.45 0.115625 0.075 0.0568056
0 0.413281 0.500781 0.114063 0.132812 0.0569486
0 0.460938 0.453906 0.078125 0.123438 0.0570858
0 0.925781 0.248437 0.0359375 0.04375 0.0586399
0 0.465625 0.853125 0.428125 0.10625 0.0588381
0 0.454688 0.40625 0.078125 0.08125 0.0591785
0 0.560938 0.651563 0.2875 0.034375 0.0592844
0 0.926562 0.236719 0.025 0.0421875 0.059625
0 0.517187 0.750781 0.453125 0.0453125 0.0599491
0 0.0796875 0.0609375 0.0375 0.09375 0.0600137
0 0.894531 0.709375 0.210938 0.09375 0.0604802
0 0.669531 0.950781 0.276563 0.0984375 0.0628382
0 0.458594 0.500781 0.142188 0.107813 0.0629581
0 0.850781 0.75625 0.298438 0.1 0.0641055
0 0.510156 0.498437 0.142188 0.128125 0.0644998
0 0.414062 0.754687 0.421875 0.08125 0.0646015
0 0.466406 0.8 0.429688 0.06875 0.0662468
0 0.510156 0.6 0.217187 0.059375 0.0673193
0 0.411719 0.704687 0.320312 0.0625 0.0675791
0 0.50625 0.548437 0.171875 0.121875 0.0707534
0 0.557813 0.603125 0.203125 0.034375 0.0707541
0 0.563281 0.702344 0.320312 0.0421875 0.0711516
0 0.564844 0.5 0.167187 0.071875 0.0737411
0 0.559375 0.553906 0.18125 0.0734375 0.0748518
0 0.427344 0.115625 0.0828125 0.215625 0.0788459
0 0.925781 0.204688 0.0453125 0.028125 0.0875939
0 0.925781 0.222656 0.0234375 0.0296875 0.0961814
