0 0.814062 0.861719 0.321875 0.114063 0.0502264
0 0.285156 0.691406 0.379687 0.617188 0.0502981
0 0.824219 0.152344 0.351562 0.0328125 0.0503864
0 0.449219 0.700781 0.307813 0.148438 0.050525
0 0.144531 0.558594 0.289062 0.0578125 0.0506936
0 0.842188 0.807031 0.315625 0.151562 0.0510146
0 0.663281 0.953906 0.260938 0.0765625 0.0512093
0 0.759375 0.80625 0.303125 0.090625 0.0513402
0 0.610937 0.352344 0.26875 0.0390625 0.0522935
0 0.720312 0.0539063 0.4 0.0578125 0.0525516
0 0.855469 0.648438 0.289062 0.134375 0.0526159
0 0.564844 0.864844 0.326562 0.126563 0.0528825
0 0.159375 0.360156 0.31875 0.0703125 0.052897
0 0.149219 0.610156 0.298438 0.0828125 0.0530386
0 0.791406 0.602344 0.417188 0.101562 0.0530791
0 0.560156 0.909375 0.360938 0.1 0.0535843
0 0.865625 0.198437 0.26875 0.059375 0.0538387
0 0.315625 0.025 0.29375 0.05 0.0542417
0 0.810156 0.907031 0.314063 0.0984375 0.0546124
0 0.610937 0.402344 0.234375 0.0578125 0.0550428
0 0.889063 0.951563 0.221875 0.096875 0.0551865
0 0.88125 0.853906 0.2375 0.157813 0.0554213
0 0.297656 0.410937 0.410937 0.05 0.0556568
0 0.558594 0.700781 0.292188 0.0953125 0.0557264
0 0.403125 0.511719 0.334375 0.0703125 0.0558055
0 0.25625 0.164062 0.36875 0.065625 0.0558622
0 0.453906 0.364062 0.254687 0.06875 0.0559759
0 0.882031 0.0976562 0.235938 0.107813 0.0562322
0 0.453906 0.309375 0.242188 0.096875 0.056293
0 0.146875 0.411719 0.29375 0.0671875 0.0563546
0 0.803125 0.653125 0.39375 0.1 0.0563951
0 0.878125 0.147656 0.24375 0.0734375 0.0565035
0 0.4 0.466406 0.315625 0.0640625 0.0568815
0 0.803125 0.0476562 0.39375 0.0296875 0.0573436
0 0.5625 0.810156 0.31875 0.104687 0.0578077
0 0.322656 0.0664062 0.339063 0.0734375 0.058134
0 0.4 0.564844 0.346875 0.0890625 0.0581483
0 0.164844 0.515625 0.329688 0.05625 0.0591253
0 0.563281 0.453125 0.317187 0.109375 0.0591461
0 0.264844 0.114844 0.370313 0.0765625 0.0604885
0 0.244531 0.832812 0.326562 0.090625 0.0611369
0 0.799219 0.0992187 0.401563 0.0296875 0.0621425
0 0.246094 0.772656 0.348437 0.135937 0.0623353
0 0.555469 0.557031 0.326562 0.0609375 0.062804
0 0.563281 0.254687 0.373437 0.06875 0.0633648
0 0.554688 0.603125 0.3125 0.040625 0.0645433
0 0.396094 0.832031 0.792188 0.335938 0.0649737
0 0.300781 0.364062 0.389062 0.04375 0.0657158
0 0.448438 0.603906 0.353125 0.0578125 0.0659686
0 0.560156 0.40625 0.326562 0.096875 0.0659845
0 0.220313 0.0585938 0.321875 0.0953125 0.0660003
0 0.508594 0.25625 0.335938 0.121875 0.0661671
0 0.55625 0.653906 0.315625 0.0515625 0.0675423
0 0.575781 0.05625 0.360938 0.059375 0.0687732
0 0.561719 0.159375 0.385938 0.05 0.0693893
0 0.559375 0.305469 0.359375 0.0765625 0.0701578
0 0.154687 0.466406 0.309375 0.0484375 0.0701699
0 0.424219 0.114844 0.332812 0.0859375 0.0708809
0 0.559375 0.503906 0.296875 0.0921875 0.0714755
0 0.560156 0.207031 0.423438 0.0515625 0.0720964
0 0.560156 0.359375 0.332812 0.0625 0.0738075
0 0.447656 0.652344 0.376563 0.101562 0.0739115
0 0.510156 0.209375 0.370313 0.1 0.0776336
0 0.475 0.0609375 0.303125 0.090625 0.078704
0 0.509375 0.163281 0.425 0.0890625 0.0904907
0 0.515625 0.113281 0.390625 0.0546875 0.0972403
