0 0.623438 0.0210938 0.29375 0.0421875 0.0500182
0 0.171875 0.302344 0.34375 0.0859375 0.0512015
0 0.814062 0.204688 0.371875 0.10625 0.0513447
0 0.709375 0.803906 0.35625 0.0921875 0.0515097
0 0.776563 0.108594 0.278125 0.0890625 0.0515502
0 0.828125 0.908594 0.034375 0.154687 0.0522026
0 0.265625 0.104687 0.26875 0.121875 0.0523631
0 0.292188 0.320312 0.2 0.025 0.0523775
0 0.325781 0.0203125 0.317187 0.040625 0.0524371
0 0.911719 0.101562 0.176563 0.084375 0.0524537
0 0.975 0.0695312 0.046875 0.0484375 0.0524846
0 0.411719 0.711719 0.182812 0.135937 0.0527716
0 0.296875 0.346094 0.2 0.0421875 0.053036
0 0.173438 0.813281 0.28125 0.164062 0.0533113
0 0.510156 0.703906 0.282813 0.120312 0.0534832
0 0.369531 0.860156 0.223438 0.201562 0.0535272
0 0.296875 0.36875 0.2 0.021875 0.0537309
0 0.703125 0.759375 0.371875 0.075 0.053778
0 0.592188 0.382812 0.075 0.021875 0.0538194
0 0.807813 0.30625 0.3375 0.071875 0.0539069
0 0.202344 0.553125 0.276563 0.078125 0.0539844
0 0.4125 0.6625 0.178125 0.103125 0.0542728
0 0.896875 0.803906 0.20625 0.160938 0.0543113
0 0.13125 0.507812 0.2625 0.075 0.054355
0 0.161719 0.35625 0.323438 0.0625 0.0546395
0 0.807031 0.699219 0.339063 0.0953125 0.0552666
0 0.25625 0.501562 0.28125 0.084375 0.0554818
0 0.555469 0.790625 0.882812 0.41875 0.055521
0 0.302344 0.698438 0.570312 0.378125 0.0555262
0 0.13125 0.907031 0.215625 0.164062 0.0555294
0 0.169531 0.153906 0.326562 0.0921875 0.0558185
0 0.4125 0.610156 0.215625 0.0953125 0.0559256
0 0.8 0.360156 0.296875 0.0453125 0.0560595
0 0.605469 0.366406 0.292188 0.0203125 0.056101
0 0.424219 0.0257812 0.289062 0.0515625 0.0565768
0 0.509375 0.601562 0.2125 0.05625 0.0565812
0 0.136719 0.107813 0.273438 0.08125 0.0565977
0 0.327344 0.0570313 0.282813 0.114063 0.0566012
0 0.867188 0.0539063 0.265625 0.0828125 0.0567246
0 0.65 0.661719 0.30625 0.0359375 0.0571932
0 0.646875 0.715625 0.31875 0.0625 0.0575003
0 0.616406 0.858594 0.267188 0.117188 0.0576035
0 0.491406 0.298438 0.982813 0.596875 0.0576438
0 0.8125 0.251563 0.375 0.075 0.0578462
0 0.675 0.155469 0.325 0.0359375 0.0582597
0 0.869531 0.104687 0.260938 0.075 0.0585242
0 0.425781 0.208594 0.257812 0.0703125 0.0600256
0 0.84375 0.155469 0.3125 0.0703125 0.0602855
0 0.419531 0.260938 0.279687 0.046875 0.0603255
0 0.415625 0.8125 0.265625 0.175 0.0604522
0 0.646094 0.453906 0.292188 0.0390625 0.0605194
0 0.558594 0.359375 0.282813 0.04375 0.0613782
0 0.185156 0.0171875 0.370313 0.034375 0.0620339
0 0.507031 0.653125 0.220313 0.090625 0.0622185
0 0.153906 0.0585938 0.307813 0.0671875 0.0622686
0 0.55625 0.604688 0.2125 0.03125 0.0623731
0 0.417188 0.3625 0.253125 0.040625 0.0625588
0 0.607813 0.307813 0.296875 0.028125 0.0627285
0 0.601562 0.411719 0.303125 0.0203125 0.0627335
0 0.308594 0.304688 0.304688 0.05 0.0636301
0 0.51875 0.0234375 0.290625 0.046875 0.0640294
0 0.307813 0.35625 0.35625 0.040625 0.0641247
0 0.134375 0.457031 0.26875 0.0734375 0.0642404
0 0.302344 0.453125 0.310937 0.075 0.0643147
0 0.415625 0.314844 0.26875 0.0390625 0.0644975
0 0.219531 0.0546875 0.342187 0.103125 0.0659473
0 0.849219 0.463281 0.229687 0.0390625 0.0665703
0 0.565625 0.809375 0.325 0.08125 0.0670132
0 0.563281 0.759375 0.345313 0.06875 0.0671616
0 0.679688 0.10625 0.31875 0.040625 0.0673713
0 0.555469 0.710156 0.242188 0.0640625 0.0674403
0 0.470313 0.108594 0.253125 0.114063 0.0679075
0 0.454688 0.557813 0.24375 0.0875 0.0698145
0 0.510156 0.304688 0.348437 0.053125 0.0702013
0 0.430469 0.0609375 0.295312 0.121875 0.0705595
0 0.203125 0.403906 0.334375 0.0484375 0.0705807
0 0.63125 0.0578125 0.325 0.071875 0.070876
0 0.514063 0.252344 0.36875 0.0734375 0.0710836
0 0.4125 0.501562 0.225 0.1 0.0742146
0 0.560938 0.317969 0.340625 0.0359375 0.0764959
0 0.571094 0.263281 0.373437 0.0421875 0.0768636
0 0.414062 0.405469 0.253125 0.0578125 0.0781776
0 0.517969 0.20625 0.335938 0.084375 0.0781938
0 0.547656 0.5625 0.270312 0.04375 0.0782489
0 0.553906 0.657031 0.214062 0.0328125 0.079142
0 0.507812 0.499219 0.2875 0.0640625 0.0794933
0 0.414844 0.452344 0.232812 0.107813 0.0822849
0 0.573438 0.213281 0.34375 0.0484375 0.082292
0 0.51875 0.157031 0.31875 0.0828125 0.0843006
0 0.557031 0.405469 0.364062 0.0453125 0.0847023
0 0.525 0.0570313 0.296875 0.0984375 0.0873087
0 0.553906 0.504687 0.276563 0.034375 0.0881396
0 0.552344 0.455469 0.310937 0.0578125 0.0923549
0 0.572656 0.164062 0.301562 0.046875 0.0990684
0 0.573438 0.111719 0.278125 0.0515625 0.10092
