0 0.428906 0.0585938 0.210938 0.117188 0.0500954
0 0.411719 0.707031 0.310937 0.0984375 0.0502861
0 0.807813 0.599219 0.265625 0.0890625 0.0504548
0 0.167187 0.602344 0.296875 0.120312 0.0507227
0 0.564844 0.303125 0.170312 0.04375 0.0508481
0 0.419531 0.903906 0.292188 0.0734375 0.0508745
0 0.171875 0.444531 0.265625 0.101562 0.0511818
0 0.520312 0.900781 0.26875 0.132812 0.0511994
0 0.566406 0.352344 0.157813 0.0390625 0.051599
0 0.764063 0.447656 0.325 0.0953125 0.0521512
0 0.566406 0.253125 0.198437 0.059375 0.0524344
0 0.519531 0.848437 0.339063 0.134375 0.0528622
0 0.369531 0.597656 0.351562 0.0734375 0.0530503
0 0.521875 0.349219 0.190625 0.0828125 0.0532754
0 0.567969 0.751562 0.257812 0.11875 0.0541352
0 0.410937 0.810938 0.346875 0.125 0.0544016
0 0.170312 0.496094 0.296875 0.0890625 0.0546574
0 0.4125 0.653906 0.275 0.101562 0.054799
0 0.158594 0.857813 0.317187 0.0875 0.0548946
0 0.567969 0.204688 0.214062 0.084375 0.0549317
0 0.810938 0.549219 0.334375 0.0640625 0.0551095
0 0.410156 0.55625 0.285937 0.203125 0.0552987
0 0.664062 0.498437 0.3 0.08125 0.0561132
0 0.528125 0.0640625 0.23125 0.128125 0.056309
0 0.927344 0.925781 0.0046875 0.0703125 0.0563336
0 0.560156 0.7 0.245312 0.096875 0.0563852
0 0.46875 0.107031 0.2 0.145313 0.0564756
0 0.263281 0.853125 0.0609375 0.0125 0.0574624
0 0.569531 0.801562 0.276563 0.140625 0.0579927
0 0.574219 0.0992187 0.210938 0.114063 0.0591815
0 0.420312 0.404687 0.175 0.09375 0.0596779
0 0.570312 0.400781 0.221875 0.0703125 0.0604146
0 0.121094 0.770312 0.242188 0.05625 0.0609365
0 0.467969 0.403125 0.220313 0.134375 0.0618487
0 0.261719 0.853125 0.398438 0.040625 0.0618653
0 0.140625 0.95625 0.28125 0.065625 0.0624477
0 0.25625 0.903125 0.384375 0.040625 0.062473
0 0.560938 0.65 0.246875 0.06875 0.0635627
0 0.659375 0.449219 0.2875 0.0765625 0.0638842
0 0.572656 0.154687 0.210938 0.10625 0.0643789
0 0.146094 0.907031 0.292188 0.0609375 0.0644634
0 0.453125 0.601562 0.234375 0.115625 0.0646219
0 0.236719 0.85625 0.0796875 0.01875 0.0671052
0 0.560156 0.6 0.229687 0.08125 0.0685023
0 0.257812 0.953906 0.340625 0.0640625 0.0712721
0 0.459375 0.498437 0.246875 0.165625 0.0779349
0 0.560156 0.55 0.260938 0.109375 0.0821865
0 0.573438 0.447656 0.228125 0.114063 0.0843286
0 0.415625 0.448438 0.19375 0.140625 0.0856592
0 0.569531 0.499219 0.242188 0.129688 0.0913538
