0 0.560156 0.314844 0.432813 0.145313 0.0503918
0 0.435937 0.0609375 0.284375 0.11875 0.05054
0 0.1625 0.55625 0.2375 0.09375 0.050568
0 0.660937 0.298438 0.65625 0.39375 0.0508583
0 0.267188 0.947656 0.253125 0.0921875 0.0509343
0 0.651563 0.271094 0.3625 0.0921875 0.0512438
0 0.905469 0.153125 0.189063 0.103125 0.0513032
0 0.578125 0.11875 0.259375 0.090625 0.0513974
0 0.119531 0.601562 0.239063 0.090625 0.0514801
0 0.160938 0.80625 0.321875 0.065625 0.0520059
0 0.8875 0.103125 0.225 0.10625 0.052066
0 0.566406 0.798437 0.279687 0.1125 0.0521167
0 0.26875 0.854688 0.33125 0.06875 0.0522596
0 0.128125 0.402344 0.25625 0.148438 0.052386
0 0.421875 0.171875 0.325 0.090625 0.0531756
0 0.0796875 0.925 0.034375 0.034375 0.0534899
0 0.607031 0.608594 0.154687 0.0296875 0.0535293
0 0.2125 0.654688 0.234375 0.05625 0.0537266
0 0.120312 0.503906 0.2 0.120312 0.0537449
0 0.416406 0.609375 0.279687 0.075 0.0541742
0 0.124219 0.453125 0.214062 0.134375 0.0545396
0 0.86875 0.299219 0.2625 0.0703125 0.0549144
0 0.422656 0.897656 0.298438 0.142188 0.0556572
0 0.421094 0.728125 0.814062 0.54375 0.057988
0 0.41875 0.657812 0.30625 0.071875 0.0597113
0 0.569531 0.751562 0.289062 0.096875 0.0598398
0 0.0664062 0.927344 0.0203125 0.0234375 0.0602623
0 0.205469 0.913281 0.0140625 0.0453125 0.0610842
0 0.216406 0.914844 0.0140625 0.0453125 0.0611931
0 0.417188 0.707812 0.2875 0.109375 0.0622051
0 0.465625 0.797656 0.378125 0.139062 0.0626029
0 0.4625 0.557031 0.246875 0.0796875 0.0637899
0 0.461719 0.848437 0.301562 0.146875 0.0649105
0 0.192188 0.915625 0.0125 0.040625 0.0658214
0 0.565625 0.701563 0.3125 0.08125 0.0660225
0 0.466406 0.749219 0.360938 0.114063 0.0664836
0 0.553906 0.253125 0.892187 0.496875 0.0665533
0 0.558594 0.432813 0.457812 0.865625 0.0694938
0 0.564844 0.371875 0.429688 0.1125 0.069743
0 0.0796875 0.915625 0.021875 0.0625 0.0734162
0 0.5625 0.657031 0.28125 0.0453125 0.0743773
0 0.508594 0.60625 0.226562 0.071875 0.0768157
0 0.0664062 0.91875 0.0109375 0.04375 0.0792031
0 0.55625 0.614062 0.225 0.040625 0.0817275
0 0.555469 0.560938 0.307813 0.0625 0.110038
