0 0.60625 0.3125 0.26875 0.046875 0.0501016
0 0.453125 0.715625 0.3875 0.1 0.0502175
0 0.655469 0.563281 0.348437 0.0359375 0.0503308
0 0.672656 0.909375 0.254687 0.103125 0.0503479
0 0.496875 0.613281 0.409375 0.0734375 0.0505529
0 0.3 0.780469 0.6 0.439063 0.0506602
0 0.901563 0.101562 0.196875 0.153125 0.0506606
0 0.88125 0.150781 0.2375 0.142188 0.0508984
0 0.810938 0.601562 0.328125 0.03125 0.0509365
0 0.646875 0.460938 0.346875 0.04375 0.0511447
0 0.860937 0.25 0.278125 0.084375 0.0512426
0 0.853125 0.909375 0.2625 0.128125 0.0515618
0 0.667969 0.166406 0.342187 0.0703125 0.0519503
0 0.153906 0.467969 0.307813 0.0671875 0.0521782
0 0.646094 0.417969 0.360938 0.0328125 0.0521947
0 0.833594 0.303906 0.332812 0.0640625 0.0526232
0 0.845312 0.70625 0.309375 0.1375 0.0528365
0 0.508594 0.910937 0.379687 0.09375 0.0529895
0 0.871875 0.454688 0.25625 0.08125 0.0532995
0 0.470313 0.372656 0.1 0.0703125 0.0533145
0 0.271875 0.0226563 0.3 0.0453125 0.0534699
0 0.564062 0.174219 0.31875 0.0890625 0.0534714
0 0.185937 0.2625 0.371875 0.090625 0.0535817
0 0.311719 0.817187 0.279687 0.365625 0.0535884
0 0.176563 0.314063 0.353125 0.078125 0.0538318
0 0.614062 0.8625 0.41875 0.078125 0.0538856
0 0.184375 0.214844 0.36875 0.126563 0.0539803
0 0.599219 0.71875 0.376563 0.08125 0.0540546
0 0.601562 0.614844 0.33125 0.0296875 0.0541967
0 0.573438 0.117188 0.240625 0.084375 0.0543033
0 0.878125 0.65 0.24375 0.125 0.0543101
0 0.867969 0.502344 0.264062 0.110937 0.054576
0 0.130469 0.590625 0.260938 0.71875 0.0545915
0 0.455469 0.81875 0.382812 0.109375 0.0554689
0 0.172656 0.167969 0.320312 0.126563 0.0555824
0 0.863281 0.359375 0.273438 0.06875 0.0555895
0 0.599219 0.666406 0.382812 0.0546875 0.056432
0 0.845312 0.202344 0.309375 0.104687 0.0566588
0 0.876562 0.550781 0.246875 0.0890625 0.0566721
0 0.525781 0.389062 0.0515625 0.015625 0.0568384
0 0.553125 0.392188 0.028125 0.0375 0.0571972
0 0.867188 0.407813 0.265625 0.071875 0.0571987
0 0.557031 0.265625 0.307813 0.08125 0.0575276
0 0.146094 0.946875 0.292188 0.10625 0.0580262
0 0.160156 0.420312 0.320312 0.06875 0.058306
0 0.60625 0.817969 0.403125 0.0796875 0.0583395
0 0.317969 0.0648438 0.310937 0.0828125 0.0584191
0 0.314063 0.114844 0.265625 0.0640625 0.058773
0 0.40625 0.219531 0.3375 0.0765625 0.0588788
0 0.727344 0.10625 0.285937 0.075 0.0600167
0 0.560156 0.221875 0.323438 0.06875 0.0605289
0 0.788281 0.504687 0.423438 0.046875 0.0608758
0 0.4125 0.121875 0.275 0.065625 0.0610433
0 0.555469 0.564844 0.373437 0.0515625 0.0611562
0 0.178906 0.0648438 0.267188 0.129688 0.0620434
0 0.8 0.553125 0.4 0.04375 0.0623616
0 0.567969 0.395312 0.0234375 0.06875 0.0628147
0 0.4 0.51875 0.371875 0.096875 0.0634337
0 0.385938 0.295312 0.771875 0.51875 0.0636357
0 0.411719 0.178125 0.335938 0.08125 0.0636683
0 0.170312 0.114063 0.259375 0.1125 0.0639613
0 0.544531 0.323438 0.326562 0.096875 0.0640112
0 0.388281 0.361719 0.414062 0.0234375 0.0641595
0 0.552344 0.364844 0.0515625 0.0109375 0.0647705
0 0.550781 0.517969 0.348437 0.0609375 0.0660576
0 0.20625 0.365625 0.375 0.046875 0.0662511
0 0.792969 0.409375 0.382812 0.025 0.0666592
0 0.401563 0.267188 0.3125 0.071875 0.0683675
0 0.448438 0.667969 0.378125 0.120312 0.0683762
0 0.395312 0.464844 0.38125 0.0515625 0.0684698
0 0.547656 0.471094 0.307813 0.0390625 0.0692888
0 0.792188 0.453906 0.40625 0.0390625 0.0712754
0 0.827344 0.360156 0.345313 0.0359375 0.0718039
0 0.526563 0.360156 0.078125 0.0046875 0.0729245
0 0.390625 0.319531 0.334375 0.0421875 0.0734627
0 0.391406 0.420312 0.367188 0.028125 0.0846581
0 0.407031 0.352344 0.692187 0.282813 0.0849987
0 0.546094 0.365625 0.401563 0.121875 0.0884828
0 0.542969 0.424219 0.335938 0.0640625 0.0906768
0 0.439063 0.373437 0.471875 0.021875 0.0916333
0 0.560156 0.446875 0.295312 0.625 0.102984
