0 0.927344 0.059375 0.0359375 0.078125 0.0500738
0 0.860156 0.396875 0.279687 0.065625 0.0503957
0 0.423438 0.100781 0.28125 0.0828125 0.0504479
0 0.4625 0.703125 0.20625 0.14375 0.0504613
0 0.55625 0.402344 0.340625 0.0390625 0.0507791
0 0.613281 0.803906 0.298438 0.0765625 0.0508683
0 0.653125 0.651563 0.259375 0.053125 0.0512164
0 0.463281 0.2 0.342187 0.06875 0.0513519
0 0.428125 0.0554687 0.240625 0.110937 0.0522654
0 0.409375 0.44375 0.303125 0.0625 0.0524395
0 0.528906 0.0492188 0.289062 0.0984375 0.0526791
0 0.414062 0.654688 0.1625 0.1125 0.0527012
0 0.757812 0.701563 0.409375 0.05625 0.0527561
0 0.725 0.1 0.371875 0.046875 0.053165
0 0.5 0.753125 1 0.36875 0.0532872
0 0.975781 0.264844 0.0421875 0.0640625 0.0535096
0 0.61875 0.750781 0.290625 0.0578125 0.0537557
0 0.557031 0.602344 0.195312 0.0484375 0.0551233
0 0.565625 0.703906 0.19375 0.0984375 0.0565093
0 0.124219 0.875 0.0390625 0.196875 0.0567372
0 0.75625 0.653125 0.3625 0.0375 0.0592396
0 0.557031 0.653125 0.195312 0.053125 0.0596538
0 0.401563 0.553906 0.25 0.0671875 0.0602054
0 0.570312 0.103906 0.284375 0.0765625 0.0613429
0 0.516406 0.150781 0.339063 0.0953125 0.0623652
0 0.407031 0.495313 0.289062 0.059375 0.0661293
0 0.510156 0.648438 0.229687 0.09375 0.0671299
0 0.507031 0.596875 0.264062 0.09375 0.0675423
0 0.559375 0.448438 0.309375 0.040625 0.0682006
0 0.55625 0.496875 0.33125 0.046875 0.0736695
0 0.553906 0.550781 0.301562 0.0453125 0.0800639
