0 0.360156 0.653906 0.229687 0.0734375 0.0502235
0 0.528125 0.0554687 0.26875 0.107813 0.0502622
0 0.817187 0.107031 0.315625 0.0671875 0.0505822
0 0.51875 0.157031 0.240625 0.101562 0.0510304
0 0.559375 0.303906 0.25625 0.0328125 0.0511796
0 0.623438 0.907812 0.275 0.1375 0.0512828
0 0.84375 0.152344 0.3125 0.0953125 0.0519296
0 0.619531 0.75625 0.267188 0.109375 0.0525396
0 0.505469 0.302344 0.232812 0.0546875 0.0530307
0 0.599219 0.360156 0.267188 0.0171875 0.0536859
0 0.749219 0.553906 0.320312 0.0546875 0.0537121
0 0.165625 0.607031 0.33125 0.0359375 0.0548034
0 0.4 0.359375 0.196875 0.06875 0.0548236
0 0.465625 0.942969 0.3 0.114063 0.0551851
0 0.4 0.408594 0.2125 0.0859375 0.0553293
0 0.551562 0.457031 0.303125 0.0140625 0.0566672
0 0.502344 0.452344 0.267188 0.0421875 0.057668
0 0.460156 0.704687 0.332812 0.128125 0.0579366
0 0.567187 0.113281 0.215625 0.114063 0.0584441
0 0.882031 0.0515625 0.235938 0.090625 0.0587625
0 0.021875 0.497656 0.04375 0.0421875 0.059081
0 0.5625 0.707031 0.271875 0.0921875 0.0595196
0 0.165625 0.559375 0.33125 0.0625 0.0601233
0 0.569531 0.808594 0.295312 0.151562 0.0612657
0 0.8875 0.0960938 0.225 0.107813 0.0619126
0 0.403125 0.453906 0.2125 0.0890625 0.0622396
0 0.409375 0.810938 0.29375 0.184375 0.0654472
0 0.548437 0.71875 0.7 0.5625 0.0657733
0 0.4 0.503906 0.265625 0.0828125 0.0678792
0 0.51875 0.75625 0.334375 0.1375 0.0685025
0 0.402344 0.613281 0.239063 0.0609375 0.0687121
0 0.496875 0.357812 0.309375 0.053125 0.0691426
0 0.551562 0.414844 0.2 0.0140625 0.0692336
0 0.553906 0.352344 0.242188 0.0234375 0.0707311
0 0.452344 0.658594 0.282813 0.0890625 0.0711451
0 0.548437 0.500781 0.3125 0.0265625 0.0715664
0 0.496094 0.497656 0.295312 0.0609375 0.0729888
0 0.560156 0.657031 0.239063 0.0515625 0.0749569
0 0.542969 0.55625 0.320312 0.040625 0.0780754
0 0.5 0.603125 0.28125 0.053125 0.0799177
0 0.396094 0.564062 0.317187 0.078125 0.0811075
0 0.495313 0.408594 0.24375 0.0515625 0.0827099
0 0.5375 0.457031 0.925 0.779688 0.0827229
0 0.021875 0.471094 0.04375 0.0453125 0.0922801
