0 0.626562 0.0734375 0.175 0.146875 0.0500232
0 0.560938 0.403125 0.2125 0.059375 0.0501466
0 0.147656 0.897656 0.0578125 0.0828125 0.050644
0 0.36875 0.947656 0.2625 0.104687 0.0517065
0 0.316406 0.792188 0.379687 0.0625 0.0519715
0 0.857813 0.60625 0.284375 0.071875 0.0520561
0 0.810938 0.500781 0.325 0.0515625 0.0520962
0 0.272656 0.946875 0.239063 0.084375 0.0521054
0 0.657031 0.607813 0.310937 0.0375 0.0522397
0 0.130469 0.944531 0.260938 0.110937 0.0522804
0 0.864844 0.708594 0.270312 0.0890625 0.0523383
0 0.571094 0.102344 0.195312 0.179688 0.0527007
0 0.657812 0.653125 0.259375 0.05 0.0529168
0 0.817969 0.807813 0.364062 0.078125 0.0533611
0 0.825781 0.900781 0.248437 0.114063 0.0534516
0 0.860156 0.505469 0.279687 0.0921875 0.0537027
0 0.610937 0.241406 0.778125 0.482812 0.053888
0 0.871094 0.454688 0.257812 0.10625 0.0540243
0 0.89375 0.257812 0.2125 0.109375 0.0542575
0 0.909375 0.901563 0.18125 0.140625 0.0542669
0 0.310937 0.599219 0.19375 0.0609375 0.0544528
0 0.0507812 0.914062 0.0484375 0.053125 0.0548403
0 0.453906 0.55 0.239063 0.125 0.0548912
0 0.407031 0.602344 0.185937 0.0828125 0.055005
0 0.835156 0.766406 0.329688 0.107813 0.0553601
0 0.914062 0.764063 0.171875 0.090625 0.0554587
0 0.221094 0.796094 0.417188 0.0328125 0.0556144
0 0.31875 0.896094 0.315625 0.0734375 0.0559702
0 0.5 0.747656 1 0.264062 0.0561996
0 0.410156 0.499219 0.217187 0.129688 0.0564627
0 0.414844 0.7 0.204688 0.06875 0.0564706
0 0.258594 0.65 0.229687 0.0625 0.0565102
0 0.267188 0.851562 0.325 0.071875 0.0567508
0 0.217187 0.745313 0.4 0.040625 0.0568446
0 0.408594 0.399219 0.182812 0.0984375 0.0573294
0 0.367188 0.848437 0.26875 0.121875 0.0583543
0 0.521094 0.748438 0.264062 0.153125 0.0584791
0 0.80625 0.655469 0.321875 0.0546875 0.0589537
0 0.569531 0.753125 0.201562 0.096875 0.0596861
0 0.314844 0.745313 0.354688 0.059375 0.0597524
0 0.419531 0.751562 0.292188 0.096875 0.0611693
0 0.849219 0.852344 0.301562 0.107813 0.0612981
0 0.804688 0.60625 0.28125 0.046875 0.0618612
0 0.422656 0.797656 0.345313 0.123438 0.0639527
0 0.921094 0.852344 0.157813 0.123438 0.0642601
0 0.410156 0.447656 0.210938 0.129688 0.0648368
0 0.510938 0.697656 0.271875 0.0921875 0.0655784
0 0.803906 0.55625 0.335938 0.040625 0.0664202
0 0.569531 0.803125 0.254687 0.121875 0.0666621
0 0.50625 0.597656 0.26875 0.0515625 0.0692542
0 0.874219 0.805469 0.251563 0.129688 0.0693215
0 0.510156 0.646875 0.292188 0.05625 0.0699803
0 0.509375 0.49375 0.275 0.084375 0.070518
0 0.554688 0.604688 0.20625 0.028125 0.0705541
0 0.266406 0.696094 0.389062 0.0515625 0.0707284
0 0.507812 0.546094 0.275 0.0734375 0.0716615
0 0.56875 0.448438 0.2125 0.0625 0.0731702
0 0.557813 0.703906 0.2 0.0578125 0.0737311
0 0.564062 0.498437 0.228125 0.05 0.0784186
0 0.557813 0.653125 0.2375 0.034375 0.0789299
0 0.55625 0.552344 0.225 0.0421875 0.0790107
0 0.894531 0.207031 0.210938 0.126563 0.0793957
