0 0.307813 0.359375 0.25625 0.03125 0.0500519
0 0.507031 0.819531 0.317187 0.160938 0.0506582
0 0.582812 0.101562 0.259375 0.103125 0.0509011
0 0.309375 0.453906 0.246875 0.0453125 0.0509051
0 0.308594 0.608594 0.307813 0.0359375 0.0512998
0 0.467187 0.305469 0.31875 0.0703125 0.0514327
0 0.571094 0.207813 0.270312 0.078125 0.051545
0 0.467969 0.209375 0.320312 0.090625 0.0515769
0 0.565625 0.260938 0.3 0.0625 0.051706
0 0.401563 0.742188 0.6375 0.515625 0.0520966
0 0.167969 0.0773437 0.335938 0.129688 0.052441
0 0.150781 0.0367187 0.301562 0.0734375 0.0532806
0 0.171094 0.258594 0.342187 0.0859375 0.0533527
0 0.721875 0.0664062 0.30625 0.132812 0.0540271
0 0.582812 0.0617188 0.259375 0.123438 0.0540782
0 0.170312 0.811719 0.340625 0.114063 0.0544708
0 0.409375 0.665625 0.353125 0.08125 0.0547569
0 0.163281 0.603906 0.282813 0.101562 0.055518
0 0.257812 0.407031 0.228125 0.0515625 0.0556435
0 0.165625 0.354688 0.31875 0.065625 0.0558152
0 0.407031 0.716406 0.354688 0.142188 0.0560697
0 0.910156 0.101562 0.179688 0.14375 0.0568684
0 0.83125 0.151562 0.3375 0.146875 0.0569735
0 0.165625 0.308594 0.33125 0.0953125 0.0570723
0 0.838281 0.0210938 0.323438 0.0421875 0.0574431
0 0.502344 0.607031 0.392188 0.0390625 0.0576637
0 0.251563 0.84375 0.503125 0.3125 0.0577597
0 0.555469 0.664062 0.329688 0.053125 0.0578503
0 0.328125 0.0234375 0.178125 0.046875 0.0583256
0 0.486719 0.805469 0.145313 0.120312 0.0594897
0 0.840625 0.104687 0.31875 0.121875 0.0595439
0 0.55625 0.555469 0.3625 0.0453125 0.0605565
0 0.561719 0.310937 0.332812 0.046875 0.0611292
0 0.464063 0.354688 0.2375 0.059375 0.0625897
0 0.559375 0.357812 0.2875 0.03125 0.0648409
0 0.407031 0.952344 0.389062 0.0953125 0.0651263
0 0.186719 0.170312 0.373437 0.103125 0.0655848
0 0.561719 0.502344 0.379687 0.0609375 0.0670507
0 0.84375 0.0578125 0.3125 0.103125 0.0682247
0 0.196094 0.221875 0.392188 0.078125 0.0697824
0 0.511719 0.447656 0.354688 0.120312 0.0702782
0 0.154687 0.046875 0.153125 0.040625 0.0709593
0 0.558594 0.40625 0.326562 0.0375 0.0716402
0 0.460938 0.402344 0.271875 0.0921875 0.0727224
0 0.378906 0.034375 0.0859375 0.06875 0.0731778
0 0.563281 0.452344 0.348437 0.0578125 0.0750236
0 0.404687 0.614062 0.328125 0.065625 0.0802042
0 0.402344 0.564844 0.335938 0.0859375 0.0806827
0 0.453125 0.503125 0.3125 0.115625 0.0809452
0 0.409375 0.453906 0.253125 0.0984375 0.0828427
0 0.401563 0.0257812 0.15 0.0515625 0.0847315
0 0.175 0.116406 0.35 0.0890625 0.0857893
