0 0.173438 0.113281 0.2375 0.104687 0.0500855
0 0.401563 0.407813 0.284375 0.08125 0.0505064
0 0.573438 0.214844 0.278125 0.0890625 0.0508705
0 0.178125 0.213281 0.35625 0.120312 0.0509144
0 0.367969 0.119531 0.226562 0.0984375 0.0509748
0 0.801562 0.408594 0.3625 0.0265625 0.0512522
0 0.783594 0.557813 0.432813 0.028125 0.0513647
0 0.907031 0.0546875 0.185937 0.109375 0.0513681
0 0.135937 0.163281 0.271875 0.110937 0.051445
0 0.883594 0.301562 0.232812 0.08125 0.0514731
0 0.760156 0.357031 0.326562 0.0265625 0.0530538
0 0.675 0.107813 0.278125 0.084375 0.0530875
0 0.376563 0.0640625 0.26875 0.1125 0.0531553
0 0.56875 0.308594 0.2875 0.104687 0.0538514
0 0.580469 0.059375 0.342187 0.08125 0.0540839
0 0.422656 0.651563 0.189063 0.1375 0.0542652
0 0.40625 0.178906 0.228125 0.0796875 0.0543835
0 0.723437 0.0585938 0.375 0.101562 0.0547823
0 0.753906 0.455469 0.401563 0.0328125 0.0553024
0 0.760938 0.975 0.159375 0.05 0.0573602
0 0.808594 0.298438 0.342187 0.053125 0.057444
0 0.517969 0.164062 0.285937 0.096875 0.0576813
0 0.542969 0.460156 0.310937 0.0640625 0.0580783
0 0.759375 0.94375 0.365625 0.1125 0.0581576
0 0.561719 0.363281 0.254687 0.0609375 0.0585009
0 0.546094 0.621875 0.326562 0.059375 0.0591771
0 0.171094 0.309375 0.342187 0.103125 0.0592067
0 0.596875 0.51875 0.290625 0.05 0.0593748
0 0.66875 0.769531 0.6625 0.460938 0.0596519
0 0.469531 0.0695312 0.285937 0.0828125 0.0600887
0 0.576563 0.161719 0.29375 0.0546875 0.060231
0 0.579687 0.107031 0.35625 0.0609375 0.0602331
0 0.447656 0.347656 0.782812 0.389062 0.0603997
0 0.496094 0.564062 0.342187 0.065625 0.0604076
0 0.458594 0.123438 0.257812 0.103125 0.0634165
0 0.553125 0.414062 0.296875 0.05 0.0659284
0 0.447656 0.560938 0.304688 0.115625 0.0677051
0 0.401563 0.457031 0.23125 0.0890625 0.0684056
0 0.595312 0.572656 0.340625 0.0390625 0.0686463
0 0.447656 0.50625 0.326562 0.075 0.069438
0 0.414844 0.603906 0.210938 0.135937 0.0700098
