0 0.152344 0.596094 0.304688 0.114063 0.0500074
0 0.435937 0.863281 0.103125 0.273438 0.0500381
0 0.803906 0.159375 0.382812 0.078125 0.0501709
0 0.56875 0.696875 0.1875 0.115625 0.0504072
0 0.179688 0.546875 0.334375 0.178125 0.0507477
0 0.4625 0.113281 0.25625 0.123438 0.051106
0 0.422656 0.746875 0.242188 0.14375 0.0518707
0 0.485156 0.874219 0.126563 0.251563 0.0521589
0 0.521875 0.748438 0.278125 0.1625 0.0530063
0 0.614062 0.492969 0.18125 0.0828125 0.0537727
0 0.609375 0.544531 0.178125 0.0921875 0.0546733
0 0.525 0.0570313 0.2375 0.114063 0.0549374
0 0.414062 0.396094 0.153125 0.0828125 0.0550484
0 0.246094 0.824219 0.0765625 0.132812 0.0552807
0 0.411719 0.599219 0.210938 0.114063 0.0555117
0 0.564844 0.648438 0.170312 0.096875 0.0556653
0 0.460938 0.396875 0.2 0.1125 0.0562634
0 0.417969 0.44375 0.154687 0.125 0.0562721
0 0.560156 0.601562 0.173438 0.090625 0.0569992
0 0.563281 0.203125 0.285937 0.084375 0.0585902
0 0.570312 0.105469 0.28125 0.0859375 0.0599496
0 0.155469 0.848437 0.310937 0.071875 0.0601082
0 0.415625 0.700781 0.190625 0.135937 0.0618407
0 0.566406 0.4 0.204688 0.071875 0.0619613
0 0.567187 0.155469 0.278125 0.0734375 0.0633293
0 0.410937 0.545313 0.215625 0.125 0.0647982
0 0.510156 0.601562 0.239063 0.146875 0.0651982
0 0.410937 0.650781 0.196875 0.0921875 0.0654878
0 0.511719 0.444531 0.229687 0.120312 0.0685599
0 0.454688 0.751562 0.909375 0.440625 0.0699589
0 0.415625 0.492188 0.18125 0.10625 0.0719699
0 0.149219 0.798437 0.298438 0.053125 0.0732567
0 0.145313 0.746875 0.290625 0.059375 0.0733594
0 0.566406 0.447656 0.195312 0.0828125 0.0737709
0 0.505469 0.546094 0.264062 0.107813 0.0895937
0 0.507812 0.492188 0.228125 0.1125 0.0945694
