0 0.178125 0.925 0.35625 0.103125 0.0501647
0 0.889844 0.453125 0.220313 0.1 0.0508707
0 0.170312 0.600781 0.284375 0.148438 0.0512481
0 0.633594 0.0617188 0.276563 0.123438 0.05141
0 0.084375 0.561719 0.16875 0.0984375 0.0515275
0 0.630469 0.105469 0.267188 0.126563 0.0517718
0 0.164844 0.552344 0.267188 0.114063 0.0524239
0 0.546875 0.670313 0.30625 0.053125 0.0525233
0 0.1625 0.499219 0.31875 0.101562 0.0526725
0 0.838281 0.511719 0.323438 0.0671875 0.0527677
0 0.313281 0.90625 0.370313 0.11875 0.0532193
0 0.4125 0.263281 0.275 0.0546875 0.0538366
0 0.171875 0.89375 0.046875 0.090625 0.0539147
0 0.321875 0.0515625 0.328125 0.090625 0.05432
0 0.423438 0.028125 0.271875 0.05625 0.0543731
0 0.740625 0.560938 0.409375 0.05 0.0544432
0 0.178906 0.707031 0.354688 0.182812 0.0545236
0 0.147656 0.755469 0.295312 0.117188 0.0545703
0 0.875781 0.6875 0.110937 0.625 0.0548144
0 0.871094 0.0507812 0.257812 0.0796875 0.0548781
0 0.871094 0.0992187 0.257812 0.0828125 0.0552902
0 0.889844 0.559375 0.220313 0.08125 0.055437
0 0.172656 0.3 0.320312 0.13125 0.0555013
0 0.396875 0.613281 0.328125 0.0609375 0.0556247
0 0.545313 0.615625 0.34375 0.04375 0.0557382
0 0.503125 0.8125 0.509375 0.375 0.0558847
0 0.841406 0.458594 0.317187 0.0546875 0.0561757
0 0.591406 0.560156 0.432813 0.0328125 0.0574229
0 0.305469 0.857031 0.610937 0.285937 0.0574854
0 0.5 0.814844 0.3125 0.189063 0.0576438
0 0.417188 0.217187 0.290625 0.06875 0.0585309
0 0.176563 0.45 0.353125 0.115625 0.0590674
0 0.264062 0.111719 0.28125 0.0734375 0.0591855
0 0.571094 0.264062 0.348437 0.084375 0.0600878
0 0.572656 0.214062 0.326562 0.10625 0.0602168
0 0.654688 0.732031 0.6375 0.535937 0.0605403
0 0.392969 0.56875 0.370313 0.071875 0.0611861
0 0.134375 0.80625 0.26875 0.125 0.0614933
0 0.578125 0.159375 0.321875 0.1125 0.0621412
0 0.56875 0.310937 0.325 0.059375 0.062911
0 0.564844 0.361719 0.323438 0.0390625 0.0642898
0 0.594531 0.507812 0.385938 0.025 0.0643393
0 0.41875 0.311719 0.271875 0.0765625 0.0658128
0 0.558594 0.408594 0.326562 0.0453125 0.0689222
0 0.497656 0.557813 0.373437 0.078125 0.0693289
0 0.420312 0.16875 0.28125 0.09375 0.069467
0 0.598437 0.459375 0.34375 0.025 0.0695821
0 0.7375 0.508594 0.365625 0.0265625 0.0703947
0 0.742188 0.455469 0.33125 0.0296875 0.0717669
0 0.164062 0.853125 0.328125 0.29375 0.0719973
0 0.776563 0.836719 0.446875 0.326562 0.0719981
0 0.421094 0.35625 0.289062 0.0625 0.0733282
0 0.415625 0.408594 0.334375 0.0515625 0.0742844
0 0.422656 0.114063 0.235938 0.121875 0.0752295
0 0.833594 0.78125 0.332812 0.4375 0.0755083
0 0.192188 0.403125 0.384375 0.159375 0.0773284
0 0.426562 0.0640625 0.278125 0.128125 0.0780278
0 0.503125 0.500781 0.38125 0.0921875 0.0793189
0 0.507031 0.449219 0.392188 0.0734375 0.0803165
0 0.178906 0.347656 0.357812 0.135937 0.0832791
0 0.825781 0.882031 0.348437 0.0796875 0.0876106
