0 0.546875 0.565625 0.36875 0.065625 0.0501219
0 0.79375 0.658594 0.4125 0.0671875 0.0508159
0 0.885938 0.0625 0.228125 0.125 0.0510849
0 0.774219 0.108594 0.342187 0.107813 0.0514399
0 0.855469 0.60625 0.289062 0.09375 0.0517627
0 0.853906 0.5125 0.292188 0.096875 0.0519177
0 0.551562 0.415625 0.4125 0.05 0.051924
0 0.371875 0.772656 0.0375 0.0296875 0.0519273
0 0.554688 0.816406 0.309375 0.198437 0.0520229
0 0.34375 0.69375 0.1875 0.09375 0.0520815
0 0.405469 0.464844 0.270312 0.114063 0.0521636
0 0.353906 0.749219 0.467187 0.398438 0.0521981
0 0.867188 0.654688 0.265625 0.09375 0.0521989
0 0.880469 0.10625 0.239063 0.128125 0.052261
0 0.153125 0.507812 0.30625 0.0375 0.0524886
0 0.666406 0.166406 0.360938 0.0859375 0.0527344
0 0.160938 0.360156 0.26875 0.0484375 0.0538327
0 0.409375 0.542188 0.81875 0.4875 0.0541179
0 0.180469 0.0539063 0.289062 0.0984375 0.0542524
0 0.345313 0.766406 0.075 0.0421875 0.0543068
0 0.870313 0.36875 0.259375 0.109375 0.054815
0 0.550781 0.464063 0.414062 0.0625 0.0548177
0 0.872656 0.700781 0.254687 0.0890625 0.0551564
0 0.546875 0.5125 0.425 0.0625 0.0551772
0 0.842969 0.164844 0.314063 0.135937 0.0553333
0 0.414844 0.364062 0.248437 0.053125 0.0555667
0 0.410156 0.414062 0.295312 0.0875 0.0557157
0 0.41875 0.16875 0.26875 0.14375 0.0564299
0 0.5625 0.267188 0.425 0.115625 0.056464
0 0.560156 0.314063 0.395312 0.0625 0.0568386
0 0.578125 0.0617188 0.3375 0.123438 0.0574833
0 0.864062 0.80625 0.271875 0.06875 0.0580857
0 0.822656 0.467187 0.354688 0.0625 0.058508
0 0.564062 0.221094 0.38125 0.126563 0.0585138
0 0.597656 0.825781 0.223438 0.0859375 0.0590896
0 0.665625 0.1125 0.3375 0.071875 0.0596532
0 0.672656 0.0554687 0.367188 0.0890625 0.0607913
0 0.178906 0.103906 0.289062 0.0921875 0.0611075
0 0.428906 0.065625 0.245312 0.13125 0.0614777
0 0.424219 0.114844 0.245312 0.142188 0.0615063
0 0.599219 0.759375 0.673437 0.48125 0.0743882
0 0.573438 0.115625 0.346875 0.125 0.0764098
0 0.571094 0.171875 0.348437 0.121875 0.0788402
0 0.871875 0.422656 0.25625 0.104687 0.0815133
0 0.458594 0.753906 0.917188 0.151562 0.0851793
0 0.342187 0.724219 0.0625 0.170312 0.101436
