0 0.50625 0.247656 0.621875 0.495313 0.0500111
0 0.907031 0.103125 0.185937 0.1125 0.0502084
0 0.799219 0.560938 0.351562 0.040625 0.0502689
0 0.865625 0.367188 0.26875 0.0625 0.0506947
0 0.89375 0.157813 0.2125 0.096875 0.0513557
0 0.460938 0.846875 0.371875 0.10625 0.0518171
0 0.407813 0.499219 0.215625 0.117188 0.0518458
0 0.557813 0.701563 0.28125 0.065625 0.0518496
0 0.410156 0.45 0.210938 0.121875 0.0519293
0 0.502344 0.55 0.326562 0.059375 0.0524701
0 0.364062 0.846875 0.275 0.203125 0.0528646
0 0.569531 0.0273438 0.304688 0.0546875 0.0529652
0 0.555469 0.414062 0.317187 0.040625 0.0530043
0 0.909375 0.0546875 0.18125 0.109375 0.0537575
0 0.496875 0.219531 0.44375 0.0890625 0.0538533
0 0.416406 0.355469 0.270312 0.101562 0.054265
0 0.50625 0.401563 0.359375 0.075 0.0544249
0 0.839063 0.514844 0.321875 0.0578125 0.0553219
0 0.346094 0.115625 0.351562 0.0875 0.0558532
0 0.214062 0.153906 0.30625 0.101562 0.0560429
0 0.558594 0.373437 0.301562 0.040625 0.0562735
0 0.791406 0.417969 0.370313 0.0671875 0.0571281
0 0.81875 0.157813 0.2625 0.0875 0.0572065
0 0.694531 0.5 0.610937 0.6 0.0572276
0 0.215625 0.108594 0.26875 0.117188 0.0577112
0 0.501562 0.504687 0.3875 0.059375 0.0583036
0 0.614062 0.167187 0.39375 0.059375 0.0588542
0 0.550781 0.604688 0.292188 0.0375 0.0590602
0 0.50625 0.314844 0.384375 0.0828125 0.0591071
0 0.133594 0.0648438 0.220313 0.129688 0.0599602
0 0.267188 0.0210938 0.34375 0.0421875 0.0606552
0 0.346875 0.166406 0.409375 0.0765625 0.0620777
0 0.554688 0.4625 0.359375 0.046875 0.0629697
0 0.620313 0.0617188 0.353125 0.110937 0.064124
0 0.510156 0.358594 0.339063 0.0703125 0.0649009
0 0.360938 0.0570313 0.33125 0.0984375 0.0649216
0 0.616406 0.117188 0.392188 0.08125 0.0649217
0 0.553906 0.651563 0.273438 0.0375 0.0653316
0 0.411719 0.799219 0.317187 0.142188 0.0672378
0 0.792969 0.471875 0.267188 0.04375 0.0703606
0 0.844531 0.470313 0.292188 0.071875 0.0714896
0 0.5 0.11875 0.353125 0.146875 0.0715093
0 0.221094 0.0546875 0.282813 0.109375 0.0730395
0 0.495313 0.172656 0.384375 0.107813 0.0789069
0 0.150781 0.665625 0.0609375 0.1625 0.0899668
