0 0.135156 0.028125 0.270312 0.05625 0.0500585
0 0.888281 0.557813 0.223438 0.0625 0.0501176
0 0.307031 0.297656 0.457812 0.0671875 0.050171
0 0.655469 0.446875 0.414062 0.025 0.050551
0 0.745313 0.552344 0.425 0.0328125 0.0508765
0 0.399219 0.694531 0.685938 0.392188 0.0509013
0 0.8625 0.408594 0.275 0.0578125 0.0510946
0 0.878906 0.45625 0.242188 0.05625 0.0511956
0 0.4 0.364844 0.33125 0.0546875 0.0512348
0 0.1625 0.936719 0.246875 0.126563 0.0512743
0 0.673437 0.945312 0.23125 0.109375 0.0512861
0 0.888281 0.651563 0.223438 0.11875 0.0513078
0 0.51875 0.05625 0.34375 0.1125 0.051527
0 0.651563 0.49375 0.475 0.01875 0.0517294
0 0.553125 0.316406 0.35 0.0390625 0.0520762
0 0.30625 0.561719 0.346875 0.0484375 0.0527922
0 0.420312 0.850781 0.33125 0.145313 0.0528377
0 0.248437 0.5125 0.353125 0.0625 0.0528403
0 0.563281 0.703125 0.285937 0.084375 0.0528863
0 0.611719 0.898438 0.354688 0.071875 0.0532529
0 0.422656 0.899219 0.248437 0.164062 0.053401
0 0.822656 0.0640625 0.285937 0.0375 0.0535338
0 0.410937 0.160156 0.2875 0.0921875 0.0536922
0 0.14375 0.153125 0.2875 0.14375 0.0537399
0 0.150781 0.660156 0.301562 0.0921875 0.053889
0 0.670313 0.0648438 0.340625 0.0515625 0.0539588
0 0.130469 0.408594 0.260938 0.110937 0.0539806
0 0.517187 0.899219 0.3125 0.139062 0.0542393
0 0.572656 0.752344 0.270312 0.0953125 0.0544169
0 0.414062 0.705469 0.30625 0.135937 0.0545039
0 0.246094 0.457031 0.376563 0.0453125 0.0546775
0 0.742969 0.500781 0.454688 0.0390625 0.0551185
0 0.123438 0.507031 0.246875 0.104687 0.0551447
0 0.6625 0.114844 0.3375 0.0390625 0.0552168
0 0.203125 0.407813 0.40625 0.040625 0.0557738
0 0.504687 0.157813 0.275 0.1125 0.0559607
0 0.127344 0.559375 0.254687 0.109375 0.0564861
0 0.614062 0.021875 0.390625 0.04375 0.0565896
0 0.554688 0.164062 0.303125 0.0625 0.0568646
0 0.796875 0.410937 0.3875 0.0375 0.0572278
0 0.708594 0.655469 0.0765625 0.0171875 0.0582381
0 0.178906 0.109375 0.260938 0.13125 0.0582847
0 0.510156 0.108594 0.298438 0.139062 0.0586362
0 0.399219 0.317187 0.370313 0.06875 0.0588513
0 0.560156 0.115625 0.307813 0.071875 0.0594808
0 0.792969 0.453906 0.414062 0.0328125 0.0595572
0 0.445312 0.271094 0.3125 0.0515625 0.0603285
0 0.553906 0.367188 0.345313 0.04375 0.0613179
0 0.550781 0.414062 0.404687 0.040625 0.0613475
0 0.56875 0.854688 0.38125 0.1 0.0619306
0 0.496875 0.219531 0.278125 0.0765625 0.0629726
0 0.5 0.409375 0.4125 0.08125 0.0632309
0 0.407813 0.610156 0.296875 0.0578125 0.0634918
0 0.838281 0.357812 0.323438 0.06875 0.0635825
0 0.558594 0.65625 0.317187 0.040625 0.0636022
0 0.502344 0.453125 0.435937 0.084375 0.0641404
0 0.175781 0.0640625 0.298438 0.128125 0.0641679
0 0.508594 0.653125 0.329688 0.08125 0.064438
0 0.552344 0.610156 0.289062 0.0359375 0.0647876
0 0.571094 0.805469 0.298438 0.129688 0.065002
0 0.507031 0.605469 0.310937 0.0703125 0.0656527
0 0.715625 0.678125 0.06875 0.009375 0.0669895
0 0.553125 0.457031 0.40625 0.0421875 0.0673727
0 0.503906 0.501562 0.439063 0.075 0.0724384
0 0.501562 0.554688 0.4 0.090625 0.0753195
0 0.554688 0.499219 0.43125 0.0359375 0.0777713
0 0.546875 0.557813 0.396875 0.04375 0.0787482
