0 0.175 0.305469 0.35 0.0484375 0.050304
0 0.314063 0.954687 0.221875 0.090625 0.0503483
0 0.811719 0.401563 0.301562 0.078125 0.0503619
0 0.465625 0.949219 0.3 0.101562 0.0504644
0 0.18125 0.0101562 0.3625 0.0203125 0.0504821
0 0.314844 0.357031 0.382812 0.0203125 0.0505023
0 0.814062 0.903906 0.246875 0.104687 0.0506423
0 0.858594 0.907031 0.282813 0.0609375 0.0506467
0 0.559375 0.265625 0.3875 0.034375 0.0506945
0 0.886719 0.449219 0.226562 0.107813 0.0507298
0 0.900781 0.148438 0.198437 0.1375 0.0507681
0 0.565625 0.373437 0.35 0.01875 0.0508118
0 0.882031 0.850781 0.235938 0.0921875 0.0509654
0 0.160938 0.00546875 0.065625 0.0109375 0.0513806
0 0.465625 0.119531 0.278125 0.0734375 0.0514499
0 0.414062 0.305469 0.371875 0.0171875 0.0516435
0 0.111719 0.00390625 0.0890625 0.0078125 0.0523128
0 0.508594 0.753906 0.604688 0.492188 0.0525791
0 0.619531 0.903125 0.392188 0.053125 0.0526883
0 0.364844 0.6125 0.339063 0.025 0.0529185
0 0.186719 0.360938 0.373437 0.046875 0.0531036
0 0.0648438 0.0484375 0.0390625 0.0125 0.0531388
0 0.178906 0.264062 0.357812 0.04375 0.0531656
0 0.0648438 0.0210938 0.129688 0.0046875 0.0533873
0 0.673437 0.85 0.425 0.04375 0.0537716
0 0.665625 0.805469 0.35 0.0546875 0.0538102
0 0.655469 0.510156 0.317187 0.0296875 0.0538594
0 0.365625 0.310937 0.415625 0.015625 0.0540468
0 0.19375 0.166406 0.3875 0.0328125 0.0542668
0 0.652344 0.565625 0.329688 0.01875 0.0542955
0 0.363281 0.2625 0.420312 0.015625 0.0543169
0 0.307031 0.817187 0.364062 0.071875 0.0545658
0 0.266406 0.305469 0.404687 0.0140625 0.0552748
0 0.4125 0.867969 0.375 0.142188 0.0553005
0 0.466406 0.760938 0.417188 0.103125 0.0557022
0 0.046875 0.00390625 0.09375 0.0078125 0.0561058
0 0.172656 0.0554687 0.345313 0.0609375 0.0561092
0 0.182031 0.71875 0.364062 0.096875 0.0562741
0 0.0953125 0.921094 0.190625 0.110937 0.0564503
0 0.164062 0.110937 0.328125 0.053125 0.056539
0 0.164844 0.671875 0.329688 0.05625 0.0569025
0 0.510156 0.16875 0.326562 0.05625 0.0571062
0 0.417969 0.915625 0.301562 0.14375 0.0572313
0 0.15 0.61875 0.3 0.025 0.0576314
0 0.364844 0.155469 0.382812 0.0296875 0.0580748
0 0.574219 0.0117188 0.367188 0.0234375 0.0581382
0 0.253125 0.661719 0.246875 0.0515625 0.0582568
0 0.41875 0.364844 0.3125 0.0171875 0.0588258
0 0.871094 0.798437 0.257812 0.10625 0.0589225
0 0.5 0.445312 1 0.878125 0.0592432
0 0.05 0.00625 0.1 0.0125 0.0592972
0 0.623438 0.0523437 0.325 0.104687 0.0597302
0 0.657812 0.410937 0.35625 0.05 0.0600433
0 0.265625 0.257812 0.446875 0.015625 0.0601674
0 0.192969 0.7625 0.385938 0.475 0.0604529
0 0.255469 0.608594 0.226562 0.0328125 0.0610403
0 0.065625 0.0335938 0.065625 0.0078125 0.061227
0 0.417188 0.816406 0.415625 0.0984375 0.0613716
0 0.65625 0.463281 0.2875 0.0390625 0.0616016
0 0.276563 0.2 0.41875 0.021875 0.0616069
0 0.367188 0.20625 0.40625 0.021875 0.0616706
0 0.616406 0.109375 0.214062 0.1125 0.0617817
0 0.364062 0.50625 0.296875 0.021875 0.0625526
0 0.526563 0.36875 0.35625 0.040625 0.0627397
0 0.189063 0.458594 0.378125 0.0453125 0.0633819
0 0.410937 0.655469 0.409375 0.0265625 0.0634364
0 0.417188 0.763281 0.375 0.0515625 0.0635383
0 0.194531 0.213281 0.389062 0.0296875 0.0636038
0 0.147656 0.00390625 0.0640625 0.0078125 0.0637274
0 0.186719 0.404687 0.373437 0.0375 0.0638263
0 0.189063 0.771094 0.378125 0.0921875 0.0638532
0 0.239844 0.188281 0.0734375 0.0421875 0.0646034
0 0.275781 0.189844 0.0328125 0.0640625 0.0655086
0 0.475781 0.698438 0.951563 0.603125 0.0655999
0 0.522656 0.059375 0.351562 0.0625 0.0663918
0 0.170312 0.871094 0.340625 0.104687 0.066562
0 0.567187 0.423438 0.340625 0.021875 0.0665707
0 0.313281 0.403906 0.423438 0.0203125 0.0669652
0 0.174219 0.569531 0.348437 0.0265625 0.0672477
0 0.4125 0.710156 0.384375 0.0546875 0.0676897
0 0.0757812 0.0632813 0.0671875 0.0171875 0.0679514
0 0.558594 0.710938 0.292188 0.04375 0.0683508
0 0.519531 0.416406 0.389062 0.0421875 0.0691412
0 0.196875 0.913281 0.35625 0.0765625 0.069248
0 0.56875 0.109375 0.29375 0.053125 0.0694764
0 0.650781 0.6125 0.395312 0.01875 0.0694785
0 0.308594 0.559375 0.298438 0.028125 0.0699189
0 0.421094 0.408594 0.310937 0.0140625 0.0701649
0 0.654688 0.659375 0.415625 0.028125 0.0705753
0 0.425 0.450781 0.31875 0.0203125 0.0708679
0 0.180469 0.823438 0.360938 0.125 0.0714182
0 0.2625 0.500781 0.334375 0.0484375 0.0724482
0 0.263281 0.449219 0.376563 0.0328125 0.0725526
0 0.5625 0.759375 0.228125 0.046875 0.0737295
0 0.146094 0.952344 0.292188 0.0953125 0.0744609
0 0.259375 0.553906 0.25 0.0484375 0.0758303
0 0.564844 0.858594 0.310937 0.0640625 0.0759967
0 0.467969 0.503125 0.348437 0.034375 0.077882
0 0.0640625 0.0664062 0.053125 0.0109375 0.077917
0 0.519531 0.457812 0.342187 0.03125 0.0782418
0 0.414844 0.560938 0.301562 0.0375 0.0791964
0 0.553906 0.66875 0.360938 0.025 0.0834375
0 0.554688 0.61875 0.36875 0.0125 0.0876095
0 0.560156 0.813281 0.251563 0.0515625 0.0885295
0 0.507812 0.610937 0.39375 0.01875 0.0902383
0 0.554688 0.570312 0.365625 0.0125 0.095062
0 0.567187 0.464063 0.278125 0.01875 0.0954426
0 0.505469 0.563281 0.364062 0.0203125 0.0971803
0 0.565625 0.509375 0.309375 0.01875 0.105482
