0 0.513281 0.395312 0.185937 0.1125 0.050044
0 0.515625 0.852344 0.321875 0.101562 0.0506041
0 0.450781 0.596875 0.201562 0.125 0.0517706
0 0.974219 0.0632813 0.0515625 0.0734375 0.053097
0 0.5 0.757031 1 0.457812 0.0533169
0 0.421094 0.347656 0.223438 0.0703125 0.053539
0 0.425781 0.0546875 0.242188 0.109375 0.053606
0 0.413281 0.395312 0.201562 0.08125 0.0536963
0 0.567187 0.494531 0.2625 0.0859375 0.0581388
0 0.467969 0.292969 0.276563 0.126563 0.0602427
0 0.558594 0.598437 0.189063 0.0625 0.0625279
0 0.564062 0.44375 0.246875 0.0875 0.066494
0 0.508594 0.544531 0.245312 0.0828125 0.0667135
0 0.515625 0.803906 0.36875 0.0921875 0.0670745
0 0.50625 0.597656 0.20625 0.0921875 0.0697693
0 0.507812 0.651563 0.221875 0.065625 0.0757845
0 0.516406 0.751562 0.370313 0.090625 0.0806829
0 0.510156 0.701563 0.273438 0.0875 0.0809299
