0 0.297656 0.455469 0.335938 0.0453125 0.0504577
0 0.709375 0.809375 0.390625 0.10625 0.0505243
0 0.614062 0.864844 0.346875 0.126563 0.050561
0 0.180469 0.620313 0.360938 0.053125 0.0506644
0 0.922656 0.805469 0.154687 0.157813 0.0507662
0 0.410156 0.828906 0.535937 0.342187 0.0509231
0 0.821094 0.75625 0.357812 0.115625 0.0509717
0 0.567187 0.203125 0.3125 0.071875 0.0510111
0 0.449219 0.207031 0.389062 0.0484375 0.0511062
0 0.717188 0.857813 0.365625 0.071875 0.052046
0 0.569531 0.911719 0.254687 0.129688 0.0520986
0 0.173438 0.363281 0.346875 0.0828125 0.052102
0 0.686719 0.503125 0.0984375 0.003125 0.0521038
0 0.173438 0.421094 0.346875 0.0734375 0.0521183
0 0.723437 0.905469 0.253125 0.0671875 0.0521584
0 0.182812 0.667969 0.365625 0.0640625 0.0533421
0 0.353125 0.219531 0.36875 0.0546875 0.0534326
0 0.189844 0.0695312 0.0421875 0.139062 0.0537081
0 0.190625 0.05625 0.075 0.1125 0.053777
0 0.408594 0.310937 0.351562 0.053125 0.053815
0 0.414844 0.353125 0.314063 0.05 0.0539282
0 0.213281 0.49375 0.0578125 0.084375 0.0550363
0 0.16875 0.0257812 0.11875 0.0515625 0.0557679
0 0.454688 0.260156 0.35625 0.0515625 0.0561762
0 0.353125 0.648438 0.559375 0.5 0.0566147
0 0.290625 0.741406 0.05625 0.0328125 0.0575845
0 0.564844 0.305469 0.282813 0.0578125 0.05775
0 0.292969 0.759375 0.0515625 0.015625 0.0579026
0 0.570312 0.105469 0.25 0.104687 0.0581133
0 0.353906 0.169531 0.376563 0.0703125 0.0581638
0 0.560938 0.358594 0.309375 0.0546875 0.0582593
0 0.498437 0.507031 0.446875 0.0671875 0.0596918
0 0.155469 0.865625 0.310937 0.059375 0.0603715
0 0.5 0.559375 0.446875 0.075 0.0604117
0 0.566406 0.158594 0.335938 0.0984375 0.0605369
0 0.408594 0.0570313 0.370313 0.114063 0.0606322
0 0.409375 0.86875 0.40625 0.16875 0.0607866
0 0.558594 0.765625 0.367188 0.13125 0.0610934
0 0.191406 0.469531 0.354688 0.0546875 0.0613693
0 0.403906 0.45625 0.410937 0.08125 0.0626027
0 0.55 0.6125 0.421875 0.05 0.0628874
0 0.557031 0.710938 0.339063 0.121875 0.0633505
0 0.547656 0.463281 0.414062 0.0671875 0.0633909
0 0.201562 0.763281 0.403125 0.473437 0.0653473
0 0.550781 0.6625 0.373437 0.06875 0.0667868
0 0.175 0.0679687 0.35 0.0828125 0.0669942
0 0.236719 0.139844 0.473437 0.279687 0.0677335
0 0.503125 0.40625 0.38125 0.0625 0.0682984
0 0.398438 0.113281 0.325 0.0671875 0.0683006
0 0.561719 0.815625 0.360938 0.1375 0.0683602
0 0.195312 0.520312 0.309375 0.0375 0.074462
0 0.357031 0.74375 0.485938 0.240625 0.0757753
0 0.330469 0.50625 0.660937 0.509375 0.0834557
