0 0.421094 0.0492188 0.332812 0.0984375 0.0500128
0 0.757031 0.646094 0.398438 0.0359375 0.050354
0 0.286719 0.889844 0.0734375 0.0140625 0.0504176
0 0.259375 0.40625 0.278125 0.0625 0.0507754
0 0.757031 0.699219 0.354688 0.0671875 0.0511224
0 0.214062 0.960938 0.325 0.065625 0.051233
0 0.850781 0.701563 0.298438 0.09375 0.0513548
0 0.91875 0.257031 0.1625 0.114063 0.0516724
0 0.120312 0.911719 0.240625 0.114063 0.0518207
0 0.921094 0.075 0.0109375 0.0625 0.0520838
0 0.661719 0.904688 0.342187 0.065625 0.0520937
0 0.765625 0.753906 0.3875 0.0390625 0.0522086
0 0.7 0.552344 0.375 0.0421875 0.0523609
0 0.360156 0.697656 0.254687 0.0640625 0.052433
0 0.869531 0.852344 0.242188 0.164062 0.0524527
0 0.138281 0.855469 0.276563 0.117188 0.0525309
0 0.171875 0.757031 0.34375 0.0703125 0.052709
0 0.14375 0.703906 0.2875 0.110937 0.0530062
0 0.611719 0.752344 0.345313 0.0484375 0.0530964
0 0.225 0.0546875 0.30625 0.109375 0.0531867
0 0.854688 0.753906 0.290625 0.0921875 0.0532903
0 0.405469 0.407813 0.423438 0.05625 0.0533027
0 0.563281 0.153125 0.360938 0.0625 0.0533659
0 0.378906 0.697656 0.757812 0.567187 0.0534151
0 0.861719 0.804688 0.276563 0.125 0.0536661
0 0.827344 0.252344 0.345313 0.0953125 0.053879
0 0.869531 0.946094 0.210938 0.107813 0.0539459
0 0.203125 0.859375 0.371875 0.05625 0.05404
0 0.364062 0.958594 0.28125 0.0828125 0.0542552
0 0.610937 0.111719 0.271875 0.0546875 0.0543758
0 0.166406 0.402344 0.301562 0.101562 0.0545397
0 0.124219 0.953125 0.248437 0.09375 0.0550835
0 0.859375 0.0578125 0.28125 0.05 0.0551523
0 0.455469 0.248437 0.401563 0.071875 0.0563959
0 0.404687 0.307813 0.33125 0.05625 0.0566882
0 0.769531 0.85625 0.345313 0.075 0.0568417
0 0.165625 0.603906 0.284375 0.0546875 0.0568444
0 0.216406 0.104687 0.267188 0.084375 0.0575877
0 0.879687 0.55 0.240625 0.084375 0.0577523
0 0.258594 0.454688 0.317187 0.075 0.0579889
0 0.414062 0.205469 0.390625 0.0890625 0.0582753
0 0.896875 0.159375 0.20625 0.090625 0.058526
0 0.616406 0.857813 0.370313 0.05625 0.0586973
0 0.873438 0.300781 0.253125 0.101562 0.0590452
0 0.817969 0.107813 0.310937 0.040625 0.0590506
0 0.764844 0.805469 0.373437 0.0421875 0.0594431
0 0.176563 0.80625 0.353125 0.08125 0.0596066
0 0.285937 0.857031 0.065625 0.0109375 0.0602505
0 0.142969 0.655469 0.285937 0.0859375 0.0602618
0 0.651563 0.453125 0.409375 0.03125 0.0606858
0 0.141406 0.45 0.282813 0.16875 0.0608558
0 0.826563 0.497656 0.346875 0.0609375 0.0608645
0 0.408594 0.909375 0.357812 0.08125 0.0609156
0 0.650781 0.502344 0.395312 0.0328125 0.0609876
0 0.882812 0.596094 0.234375 0.0921875 0.0611752
0 0.403906 0.45625 0.448438 0.053125 0.0612312
0 0.875 0.35 0.25 0.075 0.0613362
0 0.258594 0.498437 0.298438 0.075 0.0618931
0 0.124219 0.502344 0.248437 0.120312 0.0620074
0 0.551562 0.460156 0.453125 0.0328125 0.0628996
0 0.904688 0.05625 0.190625 0.084375 0.0632315
0 0.1625 0.553125 0.29375 0.078125 0.0632949
0 0.885938 0.644531 0.228125 0.0921875 0.0633558
0 0.455469 0.7 0.351562 0.078125 0.0634312
0 0.415625 0.153906 0.359375 0.0921875 0.0637892
0 0.757812 0.446094 0.45 0.0234375 0.0639222
0 0.417188 0.103906 0.30625 0.0734375 0.0642549
0 0.892969 0.10625 0.214062 0.084375 0.0644947
0 0.751562 0.596094 0.434375 0.0203125 0.0646715
0 0.2625 0.596094 0.33125 0.0453125 0.0647947
0 0.614844 0.807031 0.370313 0.0453125 0.0649559
0 0.208594 0.651563 0.317187 0.059375 0.0658329
0 0.405469 0.603906 0.317187 0.0453125 0.0662521
0 0.310937 0.65 0.303125 0.0375 0.0678737
0 0.453906 0.754687 0.326562 0.08125 0.0682642
0 0.409375 0.860937 0.384375 0.08125 0.0683252
0 0.754687 0.397656 0.40625 0.0359375 0.0688487
0 0.407813 0.654688 0.30625 0.046875 0.0688973
0 0.55 0.559375 0.425 0.0375 0.0698489
0 0.450781 0.808594 0.401563 0.0671875 0.0699181
0 0.890625 0.401563 0.21875 0.0625 0.069927
0 0.549219 0.509375 0.451562 0.03125 0.0699741
0 0.891406 0.452344 0.217187 0.0640625 0.0733487
0 0.755469 0.49375 0.417188 0.021875 0.0735871
0 0.560156 0.649219 0.323438 0.0453125 0.0737926
0 0.551562 0.605469 0.36875 0.0359375 0.0747582
0 0.396875 0.507031 0.41875 0.0546875 0.0759775
0 0.396094 0.555469 0.392188 0.0640625 0.0790574
0 0.753125 0.547656 0.44375 0.0171875 0.0821557
