0 0.575781 0.203125 0.320312 0.10625 0.0501781
0 0.138281 0.853125 0.276563 0.203125 0.050323
0 0.522656 0.938281 0.285937 0.123438 0.0503505
0 0.265625 0.6 0.375 0.090625 0.0507058
0 0.200781 0.109375 0.364062 0.090625 0.0515601
0 0.769531 0.05625 0.326562 0.096875 0.0517481
0 0.574219 0.301562 0.220313 0.08125 0.0518419
0 0.476562 0.0609375 0.309375 0.121875 0.0519023
0 0.573438 0.250781 0.2625 0.0859375 0.0522798
0 0.717969 0.109375 0.282813 0.084375 0.0523825
0 0.575781 0.900781 0.307813 0.117188 0.0532401
0 0.570312 0.657812 0.203125 0.096875 0.0533597
0 0.577344 0.104687 0.264062 0.1 0.0534064
0 0.258594 0.040625 0.323438 0.08125 0.0539
0 0.416406 0.453125 0.220313 0.178125 0.0543912
0 0.136719 0.605469 0.273438 0.123438 0.0544225
0 0.46875 0.303125 0.259375 0.1375 0.054489
0 0.51875 0.399219 0.25625 0.123438 0.0550111
0 0.575 0.80625 0.265625 0.153125 0.0559709
0 0.566406 0.607031 0.182812 0.0703125 0.056168
0 0.466406 0.257031 0.285937 0.107813 0.0575423
0 0.51875 0.853125 0.3125 0.1875 0.0577656
0 0.4625 0.500781 0.209375 0.220313 0.0598567
0 0.460938 0.603125 0.215625 0.175 0.0598571
0 0.467969 0.211719 0.307813 0.123438 0.0601385
0 0.517969 0.653125 0.248437 0.140625 0.0608832
0 0.203125 0.0695312 0.40625 0.0984375 0.0609101
0 0.46875 0.160938 0.2875 0.13125 0.0617835
0 0.514063 0.603906 0.225 0.110937 0.0629631
0 0.56875 0.45 0.23125 0.125 0.0648223
0 0.810156 0.6 0.0546875 0.140625 0.0670919
0 0.471094 0.110156 0.298438 0.0953125 0.0684725
0 0.7125 0.604688 0.575 0.55625 0.0686012
0 0.180469 0.025 0.360938 0.05 0.0697167
0 0.509375 0.553125 0.23125 0.153125 0.07238
0 0.564844 0.5 0.198437 0.14375 0.072851
