0 0.390137 0.563965 0.00488281 0.00878906 0.0500138
0 0.130371 0.381836 0.0107422 0.00195312 0.0500573
0 0.659668 0.506836 0.0107422 0.00195312 0.0500638
0 0.792969 0.74707 0.0078125 0 0.050091
0 0.405273 0.729492 0.0117188 0.00195312 0.0501583
0 0.205078 0.0708008 0.0078125 0.000976562 0.0501822
0 0.505371 0.224121 0.0126953 0.000976562 0.0502097
0 0.417969 0.187012 0.0136719 0.000976562 0.0502213
0 0.160156 0.253906 0.0117188 0.00195312 0.0502491
0 0.507812 0.189941 0.0136719 0.000976562 0.0502613
0 0.133789 0.319824 0.00976562 0.000976562 0.0503546
0 0.282715 0.477051 0.0107422 0.00292969 0.0503748
0 0.264648 0.00537109 0.00976562 0.000976562 0.0503879
0 0.350098 0.190918 0.0126953 0.000976562 0.0504918
0 0.353027 0.160156 0.0126953 0.00195312 0.0505052
0 0.661621 0.569824 0.00878906 0.00292969 0.0505204
0 0.626953 0.506348 0.0117188 0.000976562 0.0505806
0 0.00537109 0.112793 0.0107422 0.00488281 0.0506043
0 0.63623 0.097168 0.0126953 0.000976562 0.0506904
0 0.373535 0.379883 0.0126953 0.00195312 0.0507016
0 0.800781 0.0390625 0.0078125 0.00195312 0.0507538
0 0.23291 0.136719 0.0107422 0.00195312 0.0507555
0 0.10498 0.261719 0.00878906 0.00195312 0.0508868
0 0.27832 0.245605 0.0273438 0.00683594 0.0508884
0 0.330566 0.0644531 0.0126953 0.00195312 0.0509148
0 0.289062 0.163086 0.0117188 0.00195312 0.0509826
0 0.189453 0.444336 0.0117188 0.00195312 0.0510458
0 0.443848 0.223145 0.0126953 0.000976562 0.0511138
0 0.452148 0.00683594 0.00976562 0.00195312 0.0511233
0 0.570801 0.348633 0.0126953 0.00195312 0.0512878
0 0.92334 0.0673828 0.00683594 0.00195312 0.0513143
0 0.220703 0.445312 0.00976562 0.00195312 0.0516255
0 0.472656 0.31543 0.0117188 0.00195312 0.0516765
0 0.326172 0.130859 0.0117188 0.00195312 0.0517264
0 0.505859 0.348145 0.0117188 0.00292969 0.0517831
0 0.600586 0.694336 0.0117188 0.00195312 0.0517862
0 0.475098 0.223145 0.0126953 0.000976562 0.0518821
0 0.235352 0.106445 0.00976562 0.00195312 0.0520203
0 0.158691 0.445312 0.0107422 0.00195312 0.0520642
0 0.15918 0.286133 0.0117188 0.00195312 0.0520901
0 0.729004 0.571289 0.00878906 0.00195312 0.0521066
0 0.470215 0.759766 0.0126953 0.00195312 0.0521195
0 0.412598 0.253418 0.0126953 0.000976562 0.0521588
0 0.82959 0.0395508 0.00683594 0.00292969 0.0523681
0 0.158203 0.412109 0.0117188 0.00195312 0.0525509
0 0.237793 0.0415039 0.00878906 0.00292969 0.0525549
0 0.789551 0.103516 0.00878906 0.00195312 0.0525756
0 0.333008 0.0341797 0.0117188 0.00195312 0.0525776
0 0.252441 0.478516 0.0107422 0.00195312 0.0526249
0 0.700684 0.880859 0.00878906 0.00390625 0.0527053
0 0.693848 0.507324 0.0107422 0.00292969 0.0527176
0 0.600098 0.283203 0.0107422 0.00195312 0.0527618
0 0.724121 0.325684 0.00878906 0.00292969 0.0528558
0 0.544434 0.0600586 0.0146484 0.000976562 0.0528988
0 0.160156 0.317871 0.0117188 0.000976562 0.0529051
0 0.105469 0.290527 0.00976562 0.00292969 0.0529071
0 0.755859 0.232422 0.0078125 0.00195312 0.052969
0 0.26123 0.165039 0.0107422 0.00195312 0.0530248
0 0.696289 0.161133 0.0117188 0.00195312 0.0530296
0 0.34082 0.540039 0.0136719 0.00195312 0.0530765
0 0.570312 0.756348 0.0117188 0.000976562 0.053108
0 0.253418 0.245117 0.0185547 0.00976562 0.0531297
0 0.283203 0.410156 0.0117188 0.00390625 0.0531797
0 0.723145 0.35791 0.00878906 0.00292969 0.0532126
0 0.629395 0.317383 0.0107422 0.00195312 0.0532489
0 0.660645 0.353027 0.00878906 0.00292969 0.0534152
0 0.503906 0.253418 0.0136719 0.000976562 0.0536071
0 0.66748 0.097168 0.0126953 0.000976562 0.0536442
0 0.482422 0.00634766 0.00976562 0.000976562 0.0536691
0 0.663574 0.723633 0.0107422 0.00195312 0.0537234
0 0.300293 0.0361328 0.0107422 0.00195312 0.0537314
0 0.630859 0.725586 0.0117188 0.00195312 0.0537815
0 0.217285 0.224121 0.00878906 0.000976562 0.053885
0 0.157715 0.350098 0.0126953 0.000976562 0.0539912
0 0.537109 0.191895 0.0136719 0.000976562 0.0539967
0 0.473145 0.348633 0.0107422 0.00195312 0.0540303
0 0.535645 0.256348 0.0126953 0.000976562 0.0540313
0 0.131348 0.350586 0.0107422 0.00195312 0.0540452
0 0.632324 0.283691 0.0107422 0.00292969 0.0540726
0 0.12793 0.575195 0.0078125 0.00195312 0.054297
0 0.480957 0.129395 0.0107422 0.000976562 0.0543665
0 0.437012 0.541992 0.0107422 0.00195312 0.0544015
0 0.601562 0.0981445 0.0117188 0.000976562 0.0545204
0 0.536133 0.31543 0.0117188 0.00195312 0.0546951
0 0.604492 0.127441 0.0136719 0.000976562 0.0547886
0 0.248047 0.290039 0.0117188 0 0.054838
0 0.601074 0.758789 0.0107422 0.00195312 0.0548423
0 0.690918 0.415527 0.0107422 0.00292969 0.0548875
0 0.724609 0.476562 0.00976562 0.00195312 0.0549059
0 0.598145 0.728516 0.0126953 0.00195312 0.0549071
0 0.22168 0.378906 0.0117188 0.00195312 0.0549496
0 0.379883 0.253418 0.0136719 0.000976562 0.0550376
0 0.248535 0.319824 0.0126953 0.000976562 0.0550446
0 0.538086 0.159668 0.0136719 0.000976562 0.0550816
0 0.597656 0.31543 0.00976562 0.00195312 0.0551809
0 0.516113 0.0336914 0.0126953 0.000976562 0.0551999
0 0.220703 0.411133 0.0117188 0.00195312 0.055201
0 0.358398 0.101562 0.0117188 0.00195312 0.0552068
0 0.57666 0.0625 0.0126953 0.00195312 0.0552716
0 0.283691 0.376953 0.0126953 0.00195312 0.0554316
0 0.419434 0.564941 0.00683594 0.00683594 0.0555022
0 0.722168 0.42041 0.00878906 0.00292969 0.0555197
0 0.566406 0.316406 0.0117188 0.00195312 0.0556561
0 0.258301 0.812012 0.0126953 0.00488281 0.0556931
0 0.251953 0.446289 0.00976562 0.00195312 0.0557628
0 0.72168 0.389648 0.00976562 0.00195312 0.0558478
0 0.565918 0.28418 0.0126953 0.00195312 0.05585
0 0.362793 0.0361328 0.0126953 0.00195312 0.0559358
0 0.360352 0.0668945 0.0117188 0.000976562 0.0560901
0 0.00292969 0.142578 0.00585938 0.00390625 0.0561411
0 0.277832 0.230469 0.00878906 0.00195312 0.0562034
0 0.386719 0.133789 0.0117188 0.00195312 0.0562642
0 0.449219 0.128418 0.0117188 0.000976562 0.0563235
0 0.572754 0.125488 0.0146484 0.000976562 0.0565822
0 0.50293 0.314453 0.0117188 0.00195312 0.0566585
0 0.373535 0.516113 0.0126953 0.000976562 0.0566797
0 0.759766 0.628418 0.00585938 0.00292969 0.0566814
0 0.754395 0.16748 0.00878906 0.000976562 0.0566966
0 0.188965 0.289551 0.0126953 0.000976562 0.056701
0 0.188477 0.348145 0.0136719 0.000976562 0.0569364
0 0.693359 0.444824 0.0117188 0.00292969 0.0569486
0 0.123047 0.541504 0.0078125 0.00292969 0.0569679
0 0.384766 0.189453 0.0136719 0.00195312 0.0572005
0 0.755371 0.199219 0.00878906 0.00195312 0.0572313
0 0.414062 0.220215 0.0136719 0.000976562 0.0572903
0 0.695801 0.601074 0.0107422 0.00292969 0.057298
0 0.609375 0.0336914 0.0136719 0.000976562 0.057302
0 0.693848 0.537109 0.00878906 0.00195312 0.0573167
0 0.340332 0.530273 0.0166016 0.00585938 0.0574416
0 0.19043 0.316895 0.0136719 0.000976562 0.0576856
0 0.220703 0.347168 0.0136719 0.000976562 0.0579604
0 0.470215 0.557617 0.0166016 0.0078125 0.0580118
0 0.236816 0.0732422 0.00683594 0.00195312 0.058038
0 0.0327148 0.144043 0.0126953 0.00292969 0.05805
0 0.188965 0.379395 0.0126953 0.000976562 0.0580738
0 0.595703 0.570312 0.0117188 0.00195312 0.0581723
0 0.695312 0.569336 0.00976562 0.00195312 0.0581837
0 0.283691 0.346191 0.0146484 0.000976562 0.0583689
0 0.659668 0.538086 0.00878906 0.00195312 0.0583891
0 0.734863 0.0395508 0.0107422 0.000976562 0.0584702
0 0.108887 0.320801 0.0107422 0.00292969 0.0585732
0 0.573242 0.0961914 0.0136719 0.000976562 0.0586234
0 0.0908203 0.577637 0.00976562 0.00292969 0.05864
0 0.29541 0.101562 0.0107422 0.00195312 0.0588008
0 0.355469 0.134766 0.0117188 0.00195312 0.0588039
0 0.253418 0.409668 0.0107422 0.00292969 0.0588432
0 0.105469 0.351074 0.0117188 0.00292969 0.058879
0 0.755859 0.687988 0.00585938 0.000976562 0.0589233
0 0.695801 0.631836 0.0107422 0.00390625 0.0589412
0 0.72998 0.785156 0.00683594 0.00195312 0.0590799
0 0.730469 0.602051 0.0078125 0.00292969 0.0590989
0 0.67334 0.034668 0.0126953 0.000976562 0.0591983
0 0.157715 0.379883 0.0126953 0.00195312 0.0592689
0 0.703125 0.0361328 0.0117188 0.00195312 0.0593143
0 0.421875 0.0996094 0.0136719 0.00195312 0.059437
0 0.297363 0.0673828 0.0107422 0.00195312 0.059477
0 0.393066 0.0380859 0.0107422 0.00195312 0.0596451
0 0.757324 0.658203 0.00683594 0.00195312 0.0597752
0 0.50293 0.282715 0.0117188 0.000976562 0.059857
0 0.695801 0.784668 0.00878906 0.00292969 0.0600413
0 0.390625 0.0703125 0.0117188 0.00195312 0.0600433
0 0.692871 0.387695 0.0107422 0.00195312 0.0603683
0 0.265625 0.135742 0.0117188 0.00195312 0.0603971
0 0.723633 0.296387 0.00976562 0.00292969 0.0604376
0 0.693848 0.195312 0.0107422 0.00195312 0.0604439
0 0.42041 0.129883 0.0126953 0.00195312 0.0604775
0 0.294922 0.132812 0.0117188 0.00195312 0.0605849
0 0.69043 0.262695 0.00976562 0.00195312 0.0608897
0 0.388184 0.103027 0.0126953 0.000976562 0.0610285
0 0.369629 0.54541 0.0126953 0.000976562 0.0610939
0 0.541504 0.0957031 0.0146484 0.00195312 0.0612238
0 0.42334 0.0371094 0.0107422 0.00195312 0.0612698
0 0.604492 0.065918 0.0117188 0.000976562 0.0613746
0 0.539551 0.128418 0.0146484 0.000976562 0.0613766
0 0.246582 0.26416 0.00878906 0.000976562 0.0614534
0 0.283691 0.196289 0.0126953 0.00195312 0.0614582
0 0.252441 0.378418 0.0126953 0.00292969 0.0616291
0 0.51123 0.0649414 0.0146484 0.000976562 0.0616561
0 0.421387 0.0693359 0.0126953 0.00195312 0.0618042
0 0.407227 0.512695 0.0117188 0.00195312 0.061823
0 0.695801 0.130859 0.0126953 0.00195312 0.0621093
0 0.754883 0.136719 0.00976562 0.00195312 0.0622927
0 0.691895 0.291504 0.00878906 0.00292969 0.0623481
0 0.379883 0.220703 0.0136719 0 0.0626098
0 0.690918 0.356934 0.00878906 0.00292969 0.0626608
0 0.639648 0.034668 0.0136719 0.000976562 0.062976
0 0.509766 0.130371 0.0117188 0.000976562 0.0630654
0 0.246582 0.199707 0.00683594 0.00292969 0.0633425
0 0.269531 0.0395508 0.00976562 0.00292969 0.0635422
0 0.759766 0.749512 0.00585938 0.000976562 0.0638942
0 0.403809 0.543945 0.0126953 0.00195312 0.0639543
0 0.697266 0.0991211 0.0117188 0.000976562 0.0641496
0 0.769531 0.0395508 0.00976562 0.00292969 0.0644992
0 0.758301 0.106445 0.00878906 0.00195312 0.0646572
0 0.534668 0.283691 0.0126953 0.000976562 0.0649947
0 0.689941 0.32373 0.00878906 0.00292969 0.0650328
0 0.511719 0.0976562 0.0136719 0.00195312 0.0653748
0 0.251465 0.348145 0.0146484 0.000976562 0.0653876
0 0.669922 0.0639648 0.0136719 0.000976562 0.065711
0 0.722168 0.266602 0.0107422 0.00195312 0.0660841
0 0.696289 0.660645 0.00976562 0.00292969 0.0663784
0 0.265137 0.105469 0.00878906 0.00195312 0.0672616
0 0.636719 0.0649414 0.0136719 0.000976562 0.0675438
0 0.756348 0.718262 0.00683594 0.000976562 0.0676492
0 0.763184 0.0756836 0.00878906 0.00292969 0.0679384
0 0.450684 0.100586 0.0126953 0.00195312 0.0681931
0 0.480957 0.100098 0.0126953 0.000976562 0.0693284
0 0.699707 0.0673828 0.0126953 0.00195312 0.0696471
0 0.694336 0.754883 0.00976562 0.00195312 0.0701117
0 0.729492 0.630859 0.0078125 0.00195312 0.0702241
0 0.691406 0.230469 0.00976562 0.00195312 0.0703126
0 0.266602 0.0722656 0.0078125 0.00195312 0.0714254
0 0.442383 0.560059 0.00585938 0.00878906 0.0717944
0 0.694336 0.688477 0.00976562 0.00195312 0.0719505
0 0.483887 0.0390625 0.0107422 0.00195312 0.0724398
0 0.451172 0.0424805 0.00976562 0.000976562 0.0737464
0 0.731445 0.0708008 0.0117188 0.000976562 0.0773615
0 0.727539 0.105957 0.0117188 0.000976562 0.0776304
0 0.723633 0.235352 0.00976562 0.00195312 0.0784983
0 0.248047 0.226074 0.0078125 0.000976562 0.0785958
0 0.693359 0.720703 0.00976562 0.00195312 0.0787269
0 0.727051 0.660156 0.00878906 0.00195312 0.0791428
0 0.725098 0.166992 0.0107422 0.00195312 0.0791874
0 0.729004 0.754883 0.00683594 0.00195312 0.0801869
0 0.725586 0.137207 0.0117188 0.000976562 0.0823044
0 0.480469 0.0712891 0.00976562 0.00195312 0.0823913
0 0.449707 0.0732422 0.0107422 0.00195312 0.0826023
0 0.726562 0.688477 0.0078125 0.00195312 0.0833538
0 0.723633 0.202637 0.0117188 0.000976562 0.08457
0 0.725586 0.722168 0.0078125 0.000976562 0.0904874
