0 0.638184 0.0991211 0.00878906 0.00292969 0.0501144
0 0.762695 0.345703 0.0078125 0.00195312 0.0501533
0 0.385742 0.187012 0.0136719 0.000976562 0.0502622
0 0.54541 0.0634766 0.0126953 0.00195312 0.0503165
0 0.625 0.894531 0.0136719 0.00585938 0.0503764
0 0.447266 0.0952148 0.0117188 0.000976562 0.0503778
0 0.22168 0.690918 0.0078125 0.000976562 0.0504189
0 0.756348 0.75293 0.0107422 0 0.0504208
0 0.192383 0.566895 0.00976562 0.000976562 0.0504623
0 0.8125 0.92041 0.0117188 0.00292969 0.0505132
0 0.788574 0.255371 0.00878906 0.000976562 0.0505658
0 0.759277 0.0732422 0.00683594 0.00195312 0.0505825
0 0.487793 0.0341797 0.0126953 0.00195312 0.0506489
0 0.576172 0.0942383 0.0117188 0.00292969 0.0506511
0 0.223633 0.658691 0.0078125 0.000976562 0.0507187
0 0.760254 0.40625 0.00683594 0.00195312 0.0508185
0 0.478516 0.0976562 0.0117188 0.00195312 0.0508387
0 0.129395 0.470215 0.00878906 0.000976562 0.050873
0 0.354004 0.154785 0.0126953 0.000976562 0.0509343
0 0.286133 0.754395 0.0117188 0.000976562 0.0509495
0 0.507324 0.22168 0.00878906 0.00195312 0.0509675
0 0.074707 0.568848 0.0107422 0.00292969 0.0510202
0 0.913086 0.945312 0.0078125 0.00390625 0.0510208
0 0.446289 0.27832 0.00976562 0.00195312 0.0510309
0 0.560547 0.668457 0.0117188 0.000976562 0.0510316
0 0.568848 0.347168 0.0107422 0.00292969 0.0510645
0 0.570801 0.280273 0.00878906 0.00195312 0.0510802
0 0.728516 0.132324 0.0117188 0.000976562 0.0510974
0 0.59668 0.820312 0.00976562 0.00195312 0.0511135
0 0.541016 0.249023 0.0078125 0.00195312 0.0511536
0 0.310059 0.319336 0.0107422 0.00195312 0.0511603
0 0.477051 0.249023 0.00878906 0.00195312 0.0511634
0 0.957031 0.03125 0.0078125 0.00195312 0.0511638
0 0.10498 0.442383 0.0107422 0.00195312 0.051235
0 0.602051 0.312012 0.00878906 0.00292969 0.0513423
0 0.696777 0.469727 0.00878906 0.00195312 0.0514247
0 0.59375 0.844238 0.0175781 0.00683594 0.0514491
0 0.575684 0.21875 0.00878906 0.00195312 0.0514943
0 0.446289 0.247559 0.00976562 0.000976562 0.0515152
0 0.456055 0.00292969 0.00976562 0.00195312 0.0515255
0 0.387207 0.960938 0.00488281 0.0078125 0.0515391
0 0.628906 0.757324 0.00976562 0.000976562 0.0515938
0 0.256348 0.786621 0.0107422 0.000976562 0.0516496
0 0.259766 0.625488 0.00976562 0.000976562 0.0516903
0 0.944824 0.723633 0.00683594 0.00195312 0.0517133
0 0.733398 0.0410156 0.0078125 0.00195312 0.051844
0 0.756348 0.226074 0.0107422 0.000976562 0.0518948
0 0.220215 0.900391 0.0146484 0.00976562 0.0519377
0 0.476074 0.312012 0.0107422 0.00292969 0.0519499
0 0.614258 0.034668 0.00976562 0.00292969 0.0521492
0 0.473633 0.345703 0.0117188 0.00390625 0.0521945
0 0.579102 0.0639648 0.0117188 0.00292969 0.052296
0 0.348633 0.655273 0.0117188 0.00195312 0.0522969
0 0.291016 0.186523 0.0117188 0 0.0523398
0 0.574219 0.947266 0.00976562 0.00390625 0.0523791
0 0.108887 0.944824 0.00878906 0.00292969 0.0524313
0 0.347168 0.791016 0.00878906 0.00195312 0.0526059
0 0.943848 0.69043 0.00683594 0.00195312 0.0526509
0 0.506836 0.12793 0.0117188 0.00195312 0.0527438
0 0.762207 0.375 0.00683594 0.00195312 0.0527589
0 0.692383 0.658691 0.00976562 0.000976562 0.0527669
0 0.694824 0.438477 0.00878906 0.00195312 0.0528235
0 0.384766 0.126465 0.0136719 0.000976562 0.0528296
0 0.593262 0.378906 0.00878906 0.00195312 0.0528923
0 0.408691 0.687012 0.0126953 0.000976562 0.0529864
0 0.00927734 0.783691 0.00488281 0.00488281 0.053018
0 0.623535 0.846191 0.0185547 0.00683594 0.0530478
0 0.665527 0.279785 0.00878906 0.00292969 0.0530847
0 0.223145 0.281738 0.00878906 0.000976562 0.0531015
0 0.224609 0.787598 0.00976562 0.000976562 0.0532018
0 0.754883 0.53418 0.0078125 0.00195312 0.0533026
0 0.702637 0.0380859 0.00878906 0.00195312 0.0535681
0 0.757812 0.654785 0.0117188 0.000976562 0.053756
0 0.376465 0.687988 0.0107422 0.000976562 0.053765
0 0.529785 0.665527 0.0126953 0.000976562 0.0537803
0 0.343262 0.476074 0.0107422 0.000976562 0.0538621
0 0.693848 0.688965 0.0107422 0.000976562 0.0538657
0 0.252441 0.725098 0.00878906 0.000976562 0.053918
0 0.109375 0.911133 0.0117188 0.00390625 0.0539193
0 0.761719 0.314453 0.0078125 0.00195312 0.0539484
0 0.758789 0.594238 0.00976562 0.000976562 0.0539518
0 0.693359 0.406738 0.00976562 0.00292969 0.0539544
0 0.287598 0.785645 0.0126953 0.000976562 0.054045
0 0.437988 0.989258 0.00488281 0.00976562 0.0540678
0 0.598633 0.344727 0.00976562 0.00195312 0.0540747
0 0.356934 0.0654297 0.0107422 0.00195312 0.054091
0 0.318848 0.654297 0.0107422 0.00195312 0.0541483
0 0.691406 0.754395 0.0117188 0.000976562 0.054193
0 0.757812 0.500488 0.0078125 0.000976562 0.05439
0 0.508789 0.249512 0.0078125 0.00292969 0.0544804
0 0.644043 0.0371094 0.00878906 0.00195312 0.0545607
0 0.563477 0.814941 0.015625 0.00878906 0.0545979
0 0.622559 0.694824 0.0107422 0.000976562 0.0546043
0 0.695801 0.101562 0.00878906 0.00195312 0.0546076
0 0.666016 0.101562 0.0078125 0.00195312 0.0546237
0 0.0380859 0.336426 0.0117188 0.00878906 0.0546477
0 0.757324 0.623535 0.00878906 0.000976562 0.0546828
0 0.508789 0.279785 0.0078125 0.00292969 0.0547122
0 0.286621 0.50293 0.0107422 0.00195312 0.0547481
0 0.290527 0.623535 0.0126953 0.000976562 0.0547982
0 0.694336 0.131836 0.00976562 0.00195312 0.0548681
0 0.638672 0.220703 0.0078125 0.00195312 0.0549134
0 0.112305 0.882812 0.0117188 0.00390625 0.0552056
0 0.44873 0.0664062 0.0107422 0.00195312 0.0552402
0 0.563477 0.84375 0.015625 0.0078125 0.0552948
0 0.476074 0.126953 0.0126953 0.00195312 0.0553762
0 0.592773 0.669922 0.0117188 0.00195312 0.0554443
0 0.259766 0.595703 0.0117188 0.00195312 0.0554912
0 0.597168 0.787598 0.0107422 0.00292969 0.0556022
0 0.416504 0.065918 0.0126953 0.000976562 0.0556126
0 0.0732422 0.503906 0.0117188 0.00195312 0.055687
0 0.405273 0.983398 0.00390625 0.00976562 0.0557958
0 0.259766 0.501953 0.00976562 0.00195312 0.0558446
0 0.756348 0.687012 0.0107422 0.000976562 0.0559014
0 0.572266 0.25 0.0078125 0.00195312 0.0560117
0 0.669922 0.0703125 0.0078125 0.00195312 0.0560188
0 0.227051 0.596191 0.0107422 0.000976562 0.0560805
0 0.480957 0.0673828 0.0107422 0.00195312 0.056088
0 0.597168 0.758789 0.0107422 0.00195312 0.0561612
0 0.346191 0.757812 0.00878906 0.00195312 0.0562021
0 0.608887 0.0678711 0.00878906 0.00292969 0.056286
0 0.416504 0.219238 0.0107422 0.000976562 0.0563179
0 0.290527 0.59375 0.0126953 0.00195312 0.0563859
0 0.607422 0.21875 0.0078125 0.00195312 0.0564479
0 0.476562 0.279785 0.00976562 0.00292969 0.0565073
0 0.106934 0.412109 0.0126953 0.00195312 0.0568128
0 0.347168 0.248535 0.0126953 0.000976562 0.0570521
0 0.287109 0.653809 0.0117188 0.000976562 0.0571979
0 0.25293 0.348145 0.00976562 0.000976562 0.0573479
0 0.731934 0.0742188 0.00683594 0.00195312 0.0574578
0 0.316895 0.686523 0.0107422 0 0.0574833
0 0.512207 0.0644531 0.0126953 0.00195312 0.057723
0 0.259766 0.223633 0.0078125 0 0.0579189
0 0.508789 0.0966797 0.0136719 0.00195312 0.0579708
0 0.225586 0.564453 0.00976562 0.00195312 0.0580172
0 0.592773 0.697754 0.0117188 0.000976562 0.0580286
0 0.623535 0.869141 0.0166016 0.00585938 0.0580544
0 0.756348 0.563965 0.00878906 0.000976562 0.0584127
0 0.407227 0.723145 0.0117188 0.000976562 0.0584382
0 0.692871 0.722168 0.0107422 0.000976562 0.0584863
0 0.692383 0.532227 0.00976562 0.00195312 0.0585645
0 0.693848 0.500977 0.00878906 0.00195312 0.0586173
0 0.638672 0.0693359 0.0078125 0.00195312 0.0587623
0 0.755371 0.257324 0.00878906 0.000976562 0.0592525
0 0.385742 0.0961914 0.0117188 0.000976562 0.0592902
0 0.0693359 0.535156 0.00976562 0.00195312 0.0593623
0 0.595215 0.729004 0.0107422 0.000976562 0.0596592
0 0.694824 0.189453 0.00878906 0.00195312 0.0597467
0 0.37793 0.279297 0.0117188 0 0.0598074
0 0.390137 0.955566 0.000976562 0.00683594 0.0598995
0 0.260254 0.533691 0.0107422 0.000976562 0.0599122
0 0.756836 0.72168 0.0117188 0 0.0599455
0 0.25293 0.689941 0.00976562 0.000976562 0.0599557
0 0.691406 0.625977 0.00976562 0.00195312 0.0600053
0 0.727539 0.192871 0.00976562 0.000976562 0.0601704
0 0.693848 0.375 0.00878906 0.00195312 0.0602144
0 0.316895 0.249512 0.0126953 0.000976562 0.0605242
0 0.314941 0.721191 0.0107422 0.000976562 0.0606832
0 0.320801 0.218262 0.0126953 0.000976562 0.0607257
0 0.250977 0.316895 0.0117188 0.000976562 0.0609153
0 0.258301 0.563477 0.0107422 0.00195312 0.0609451
0 0.634766 0.25 0.0078125 0.00195312 0.0610331
0 0.603027 0.278809 0.00878906 0.00292969 0.0611064
0 0.38623 0.065918 0.0107422 0.000976562 0.0616815
0 0.691895 0.596191 0.0107422 0.000976562 0.0618054
0 0.287109 0.563477 0.0117188 0.00195312 0.0621501
0 0.634277 0.27832 0.00878906 0.00195312 0.06225
0 0.27832 0.320312 0.0117188 0.00195312 0.0622524
0 0.287598 0.532227 0.0107422 0.00195312 0.062309
0 0.413086 0.278809 0.00976562 0.000976562 0.0626446
0 0.312012 0.283691 0.0107422 0.000976562 0.0626648
0 0.49707 0.781738 0.0214844 0.00878906 0.0626667
0 0.352051 0.218262 0.0126953 0.000976562 0.0628815
0 0.283691 0.72168 0.0107422 0.00195312 0.0630173
0 0.696777 0.222656 0.00878906 0.00195312 0.0633099
0 0.385254 0.217773 0.0126953 0 0.0636231
0 0.758301 0.285645 0.00878906 0.000976562 0.0636439
0 0.692383 0.564941 0.00976562 0.00292969 0.0646033
0 0.730469 0.405273 0.0078125 0.00195312 0.0646781
0 0.699219 0.0712891 0.0078125 0.00195312 0.065233
0 0.605469 0.249023 0.0078125 0.00195312 0.0653797
0 0.284668 0.687012 0.0107422 0.000976562 0.0659174
0 0.288086 0.219238 0.0117188 0.000976562 0.0660206
0 0.728027 0.656738 0.0107422 0.000976562 0.0664572
0 0.725586 0.688965 0.0117188 0.000976562 0.0666864
0 0.285156 0.250488 0.0117188 0.000976562 0.0667454
0 0.281738 0.284668 0.0107422 0.000976562 0.0667495
0 0.380859 0.246582 0.0117188 0.000976562 0.0672673
0 0.695801 0.343262 0.00878906 0.00292969 0.0673409
0 0.256348 0.251953 0.00878906 0 0.0675712
0 0.34668 0.686523 0.00976562 0.00195312 0.0679083
0 0.732422 0.4375 0.0078125 0.00195312 0.0679559
0 0.725098 0.755371 0.0107422 0.000976562 0.0683407
0 0.372559 0.724121 0.0107422 0.000976562 0.068664
0 0.727539 0.227051 0.00976562 0.000976562 0.0686744
0 0.726562 0.594727 0.00976562 0.00195312 0.069542
0 0.725586 0.533691 0.0078125 0.000976562 0.0697687
0 0.725586 0.723633 0.0117188 0 0.0703028
0 0.72998 0.468262 0.00878906 0.000976562 0.0719305
0 0.726562 0.624023 0.00976562 0.00195312 0.0722582
0 0.726074 0.565918 0.00878906 0.000976562 0.0725054
0 0.498047 0.812012 0.015625 0.0126953 0.0741596
0 0.731445 0.374023 0.0078125 0.00195312 0.0742477
0 0.251953 0.282715 0.00976562 0.000976562 0.0745395
0 0.727539 0.500488 0.0078125 0.000976562 0.0764378
0 0.69873 0.25 0.0107422 0.00195312 0.0773445
0 0.414551 0.247559 0.0107422 0.000976562 0.0777913
0 0.695801 0.311035 0.00878906 0.00292969 0.0783685
0 0.730469 0.345703 0.0078125 0.00195312 0.0825198
0 0.726562 0.256836 0.00976562 0.00195312 0.0831076
0 0.344238 0.722168 0.0107422 0.000976562 0.0835814
0 0.532227 0.8125 0.0195312 0.00585938 0.0838288
0 0.696289 0.278809 0.00976562 0.00292969 0.0851739
0 0.0141602 0.8125 0.00683594 0.00195312 0.08776
0 0.730469 0.314941 0.0078125 0.000976562 0.0927844
0 0.728027 0.284668 0.0107422 0.000976562 0.0954328
0 0.0131836 0.800293 0.00683594 0.00683594 0.151569
