0 0.256836 0.505859 0.00976562 0.00195312 0.0500147
0 0.948242 0.282227 0.00976562 0.00195312 0.0500333
0 0.472168 0.570312 0.0107422 0.00195312 0.0500383
0 0.445312 0.657715 0.0136719 0.00292969 0.0500388
0 0.536133 0.601074 0.00976562 0.00292969 0.0501105
0 0.471191 0.317383 0.0107422 0.00195312 0.0501129
0 0.660156 0.349121 0.00976562 0.000976562 0.0501656
0 0.249512 0.320801 0.0107422 0.000976562 0.0501747
0 0.668945 0.00878906 0.00976562 0.00195312 0.0501988
0 0.939941 0.946289 0.00488281 0.00585938 0.0502558
0 0.695801 0.254395 0.0146484 0.00292969 0.0502814
0 0.508301 0.689453 0.0126953 0.00195312 0.0503263
0 0.536621 0.570312 0.00878906 0.00195312 0.0503629
0 0.949707 0.903809 0.0126953 0.000976562 0.0503691
0 0.566895 0.692383 0.0107422 0.00195312 0.050374
0 0.312012 0.842285 0.0244141 0.00683594 0.050387
0 0.916016 0.882812 0.00195312 0.00195312 0.0504491
0 0.911621 0.629883 0.00878906 0.00195312 0.0504597
0 0.571777 0.19043 0.0107422 0.00195312 0.0504657
0 0.404297 0.352539 0.0117188 0.00195312 0.0505349
0 0.41748 0.0771484 0.00878906 0.00195312 0.0505402
0 0.105469 0.135742 0.0078125 0.00195312 0.0506213
0 0.501953 0.818848 0.00976562 0.000976562 0.0508126
0 0.661621 0.191406 0.0146484 0.00195312 0.0509081
0 0.351074 0.751465 0.0107422 0.000976562 0.0509435
0 0.696777 0.662109 0.00878906 0.00195312 0.0509608
0 0.635254 0.40625 0.0107422 0.00195312 0.0509784
0 0.0776367 0.376953 0.00488281 0.0078125 0.051006
0 0.220703 0.288574 0.0078125 0.000976562 0.0510379
0 0.901367 0.944824 0.00390625 0.00292969 0.051067
0 0.954102 0.0419922 0.0078125 0.00195312 0.051077
0 0.813477 0.628906 0.0195312 0.00976562 0.0510792
0 0.946777 0.313477 0.00878906 0.00195312 0.0511133
0 0.689941 0.195801 0.0146484 0.00292969 0.0511205
0 0.353516 0.0161133 0.00976562 0.00292969 0.0511608
0 0.748047 0.105469 0.015625 0.00390625 0.0512137
0 0.602051 0.46875 0.00878906 0.00195312 0.0512333
0 0.955078 0.946289 0.00390625 0.00585938 0.0512355
0 0.538086 0.782715 0.0117188 0.000976562 0.0512575
0 0.412598 0.723145 0.0126953 0.000976562 0.0512979
0 0.657227 0.13623 0.0136719 0.00292969 0.0513314
0 0.761719 0.409668 0.00976562 0.000976562 0.0513453
0 0.850098 0.472656 0.0107422 0.00195312 0.0513767
0 0.877441 0.944336 0.00292969 0.00390625 0.0514201
0 0.288574 0.0229492 0.0107422 0.0107422 0.0514302
0 0.55127 0.0332031 0.0126953 0.00195312 0.0515086
0 0.479492 0.00390625 0.0117188 0.00195312 0.0515679
0 0.480469 0.065918 0.0136719 0.000976562 0.0516432
0 0.0786133 0.103516 0.00878906 0.00195312 0.0516893
0 0.882812 0.90332 0.015625 0 0.0517488
0 0.536621 0.723145 0.0107422 0.000976562 0.0517871
0 0.57959 0.0625 0.0146484 0.00195312 0.0517951
0 0.759766 0.287109 0.00976562 0.00195312 0.0518167
0 0.506836 0.629395 0.0117188 0.000976562 0.0518806
0 0.56543 0.754395 0.0117188 0.000976562 0.0518923
0 0.567383 0.661133 0.00976562 0.00195312 0.0518955
0 0.405762 0.415039 0.0107422 0.00195312 0.051906
0 0.539062 0.658691 0.00976562 0.00292969 0.0519442
0 0.944824 0.630859 0.00683594 0.00195312 0.0519706
0 0.635742 0.437988 0.00976562 0.00292969 0.0520244
0 0.661621 0.726562 0.0107422 0.00195312 0.05203
0 0.700684 0.0112305 0.00878906 0.00292969 0.0520481
0 0.408203 0.630859 0.0136719 0.00195312 0.0520534
0 0.219238 0.84375 0.0185547 0.00976562 0.0523565
0 0.601074 0.376953 0.0107422 0.00195312 0.0523679
0 0.698242 0.407227 0.0117188 0.00195312 0.0523992
0 0.699707 0.90918 0.0126953 0.00195312 0.0524131
0 0.537109 0.876953 0.0136719 0 0.0524345
0 0.475586 0.875977 0.0136719 0.00195312 0.0524366
0 0.477539 0.657715 0.0117188 0.00292969 0.0524639
0 0.214355 0.26123 0.00683594 0.000976562 0.0524759
0 0.602539 0.438477 0.00976562 0.00195312 0.0525323
0 0.508301 0.657715 0.0107422 0.00292969 0.0526201
0 0.942871 0.661621 0.00683594 0.000976562 0.0527099
0 0.755859 0.780762 0.0117188 0.000976562 0.0527494
0 0.567871 0.630859 0.00878906 0.00195312 0.0528339
0 0.728516 0.846191 0.0117188 0.000976562 0.0529567
0 0.11084 0.102539 0.00878906 0.00195312 0.0531953
0 0.918457 0.0410156 0.00878906 0.00195312 0.0532975
0 0.947754 0.947266 0.00488281 0.00585938 0.053308
0 0.780762 0.166504 0.0126953 0.00292969 0.0533162
0 0.0361328 0.95752 0.00195312 0.000976562 0.0533444
0 0.444336 0.689941 0.0136719 0.00292969 0.0533649
0 0.568359 0.937012 0.015625 0.000976562 0.0534202
0 0.477051 0.689453 0.0126953 0.00195312 0.0535479
0 0.34082 0.476562 0.0136719 0.00195312 0.0535923
0 0.537598 0.538086 0.00878906 0.00195312 0.053604
0 0.443848 0.814453 0.00878906 0.00195312 0.0536246
0 0.281738 0.0488281 0.0107422 0.00390625 0.0536928
0 0.664551 0.940918 0.0126953 0.000976562 0.053699
0 0.314941 0.0200195 0.0107422 0.00292969 0.053703
0 0.570312 0.406738 0.00976562 0.00292969 0.0537247
0 0.081543 0.410156 0.00683594 0.0078125 0.0538033
0 0.481445 0.0351562 0.0136719 0.00195312 0.0538942
0 0.65918 0.314453 0.00976562 0.00195312 0.0539273
0 0.841797 0.606445 0.00976562 0.00195312 0.0539366
0 0.760254 0.316895 0.00878906 0.000976562 0.0539835
0 0.322754 0.12207 0.00878906 0.0078125 0.0540564
0 0.632324 0.753418 0.0107422 0.000976562 0.0540874
0 0.909668 0.661133 0.00878906 0.00195312 0.0541725
0 0.503418 0.601562 0.0107422 0.00195312 0.0542128
0 0.604492 0.908691 0.0136719 0.000976562 0.0542508
0 0.669434 0.910645 0.0126953 0.000976562 0.0542833
0 0.505371 0.537109 0.00878906 0.00195312 0.0543112
0 0.251465 0.841309 0.0185547 0.00683594 0.0543452
0 0.469727 0.352539 0.0117188 0.00195312 0.0543811
0 0.783691 0.666016 0.00878906 0.00195312 0.0544245
0 0.347168 0.0161133 0.00878906 0.00878906 0.0544358
0 0.324219 0.0209961 0.00585938 0.00878906 0.0544998
0 0.54248 0.100586 0.0126953 0.00195312 0.0545045
0 0.538574 0.629883 0.00878906 0.00195312 0.054612
0 0.471191 0.601562 0.0126953 0.00195312 0.054634
0 0.439941 0.381836 0.0107422 0.00195312 0.0546678
0 0.507324 0.722656 0.0107422 0.00195312 0.0546688
0 0.661133 0.106934 0.0117188 0.00292969 0.0548243
0 0.637695 0.90918 0.0136719 0.00195312 0.0548552
0 0.695801 0.37793 0.0107422 0.00195312 0.0549101
0 0.373047 0.543457 0.0117188 0.000976562 0.0549432
0 0.50293 0.570312 0.00976562 0.00195312 0.0550065
0 0.503906 0.876465 0.0136719 0.000976562 0.0550229
0 0.8125 0.663574 0.00976562 0.000976562 0.0550655
0 0.719727 0.198242 0.0136719 0.00195312 0.0550817
0 0.844727 0.629395 0.0273438 0.00878906 0.0551556
0 0.380859 0.722656 0.0117188 0.00195312 0.0551613
0 0.660156 0.816406 0.0117188 0.00195312 0.0552157
0 0.632324 0.787109 0.0107422 0.00195312 0.0553421
0 0.694336 0.503418 0.0117188 0.00292969 0.0553803
0 0.630859 0.104004 0.0136719 0.00292969 0.0554549
0 0.3125 0.511719 0.00976562 0.00195312 0.0556226
0 0.893066 0.943359 0.00292969 0.00195312 0.0556581
0 0.418945 0.0410156 0.00976562 0.00195312 0.0557388
0 0.537598 0.224121 0.0107422 0.000976562 0.0558054
0 0.685547 0.165527 0.015625 0.00292969 0.0559285
0 0.444824 0.785156 0.00878906 0.00195312 0.0559686
0 0.782715 0.635254 0.00878906 0.000976562 0.0560101
0 0.406738 0.382812 0.0126953 0.00195312 0.0560384
0 0.724609 0.230957 0.0136719 0.00292969 0.0560787
0 0.307129 0.633789 0.0126953 0.00195312 0.0560833
0 0.309082 0.110352 0.0126953 0.00195312 0.0561607
0 0.228027 0.0791016 0.00683594 0.00195312 0.0563781
0 0.412598 0.0102539 0.0107422 0.00292969 0.0564556
0 0.47168 0.382812 0.0117188 0.00195312 0.0565417
0 0.56543 0.726562 0.0117188 0.00195312 0.0567796
0 0.755371 0.725098 0.00878906 0.000976562 0.0568047
0 0.694824 0.878906 0.0126953 0.00195312 0.056924
0 0.757324 0.347168 0.00878906 0.000976562 0.0569494
0 0.286621 0.752441 0.00878906 0.000976562 0.0570177
0 0.568359 0.221191 0.0117188 0.000976562 0.0571151
0 0.444336 0.0078125 0.00976562 0.00195312 0.0571753
0 0.695801 0.631836 0.00878906 0.00195312 0.0572151
0 0.717773 0.105469 0.015625 0.00390625 0.0573318
0 0.314453 0.0488281 0.00976562 0.00390625 0.057332
0 0.597656 0.880859 0.0117188 0.00195312 0.0573841
0 0.402832 0.543945 0.0107422 0.00195312 0.0575724
0 0.759277 0.470703 0.0107422 0.00195312 0.0575831
0 0.351074 0.120605 0.00878906 0.00683594 0.0576047
0 0.755859 0.50293 0.00976562 0.00195312 0.0576869
0 0.875 0.661133 0.00976562 0.00195312 0.05776
0 0.714355 0.134277 0.0146484 0.00292969 0.057805
0 0.44873 0.0380859 0.0107422 0.00195312 0.057942
0 0.756348 0.379395 0.00878906 0.000976562 0.0579627
0 0.760254 0.441895 0.0107422 0.000976562 0.0580215
0 0.545898 0.0668945 0.0136719 0.000976562 0.0582234
0 0.725586 0.816895 0.0117188 0.000976562 0.0582322
0 0.694824 0.601562 0.0107422 0.00195312 0.0583225
0 0.630859 0.878906 0.0136719 0.00195312 0.0583486
0 0.284668 0.508789 0.0107422 0.00195312 0.0584323
0 0.476074 0.785645 0.00878906 0.000976562 0.058501
0 0.00976562 0.660156 0.00585938 0.00195312 0.058502
0 0.783203 0.136719 0.0136719 0.00390625 0.0585118
0 0.730469 0.254883 0.0117188 0.00195312 0.0586044
0 0.732422 0.40918 0.00976562 0.00195312 0.0586562
0 0.697266 0.691895 0.00976562 0.00292969 0.0587304
0 0.9375 0.934082 0.00390625 0.00488281 0.0587872
0 0.373535 0.508789 0.0126953 0.00195312 0.0588478
0 0.693359 0.814453 0.0117188 0.00195312 0.0589003
0 0.444336 0.72168 0.0117188 0.00195312 0.0590179
0 0.753906 0.574707 0.00976562 0.000976562 0.0590951
0 0.282715 0.605469 0.0126953 0.00195312 0.0590982
0 0.253906 0.692383 0.0117188 0.00195312 0.0591259
0 0.573242 0.905762 0.015625 0.000976562 0.0591613
0 0.845703 0.661621 0.0078125 0.000976562 0.059414
0 0.954102 0.932617 0.00390625 0.00390625 0.0594405
0 0.602539 0.405762 0.00976562 0.00292969 0.0594473
0 0.695312 0.470215 0.0117188 0.00292969 0.0594551
0 0.663086 0.785156 0.0117188 0.00195312 0.0594614
0 0.687988 0.105469 0.0146484 0.00390625 0.0596185
0 0.731934 0.0454102 0.00878906 0.00292969 0.0596894
0 0.258789 0.754395 0.0078125 0.000976562 0.0597293
0 0.446777 0.0693359 0.0107422 0.00195312 0.0597691
0 0.412109 0.752441 0.00976562 0.000976562 0.059807
0 0.661621 0.754883 0.0107422 0.00195312 0.0598644
0 0.697754 0.438965 0.0107422 0.00292969 0.0599437
0 0.253418 0.629883 0.0126953 0.00195312 0.0599917
0 0.377441 0.478516 0.0126953 0.00195312 0.0600837
0 0.666016 0.880371 0.0117188 0.00292969 0.0601548
0 0.541504 0.905762 0.0146484 0.000976562 0.0603194
0 0.714844 0.163574 0.0136719 0.00292969 0.0603329
0 0.876953 0.629883 0.00976562 0.00195312 0.0604426
0 0.754395 0.604004 0.00878906 0.000976562 0.0604697
0 0.564453 0.254883 0.0117188 0.00195312 0.0604719
0 0.568848 0.880371 0.0146484 0.000976562 0.0605989
0 0.693848 0.280762 0.0107422 0.00292969 0.060815
0 0.885254 0.951172 0.00292969 0.00195312 0.0609556
0 0.311035 0.141113 0.0126953 0.00292969 0.0610554
0 0.508301 0.78418 0.00878906 0.00195312 0.0610929
0 0.373047 0.633789 0.0117188 0.00195312 0.0614481
0 0.668457 0.0395508 0.0107422 0.00292969 0.0616953
0 0.381348 0.751465 0.0107422 0.000976562 0.0618551
0 0.666504 0.0727539 0.0126953 0.00292969 0.0618648
0 0.476074 0.722656 0.0107422 0.00195312 0.0618676
0 0.251953 0.65918 0.0117188 0.00195312 0.0622744
0 0.281738 0.694336 0.0126953 0.00195312 0.0624298
0 0.696777 0.0449219 0.0107422 0.00195312 0.0624622
0 0.753418 0.541016 0.0107422 0.00195312 0.0630123
0 0.755371 0.635254 0.00878906 0.000976562 0.0633321
0 0.755859 0.693359 0.0078125 0.00195312 0.0633589
0 0.755859 0.665527 0.0078125 0.000976562 0.0633608
0 0.506836 0.751465 0.00976562 0.000976562 0.0635136
0 0.314453 0.074707 0.0117188 0.00292969 0.0637062
0 0.53418 0.255371 0.00976562 0.000976562 0.0638571
0 0.808105 0.608398 0.0107422 0.00195312 0.0646247
0 0.24707 0.233887 0.0078125 0.000976562 0.0648876
0 0.729492 0.282227 0.00976562 0.00195312 0.0653551
0 0.885254 0.943848 0.00292969 0.00292969 0.0655896
0 0.0146484 0.632324 0.00390625 0.00683594 0.0656777
0 0.84375 0.632324 0.00976562 0.000976562 0.0663229
0 0.246582 0.26709 0.0107422 0.00292969 0.0665984
0 0.255371 0.312988 0.0107422 0.0107422 0.0669849
0 0.279297 0.633789 0.0117188 0.00195312 0.0669902
0 0.726074 0.081543 0.0107422 0.00292969 0.0671363
0 0.75 0.132324 0.0136719 0.00292969 0.0674346
0 0.693359 0.783691 0.0117188 0.000976562 0.0677899
0 0.696777 0.569824 0.0107422 0.00292969 0.0680035
0 0.69043 0.3125 0.00976562 0.00195312 0.0682941
0 0.724609 0.754883 0.0117188 0 0.0685244
0 0.694824 0.536621 0.0107422 0.00292969 0.0689024
0 0.280762 0.662109 0.0126953 0.00195312 0.0689467
0 0.726074 0.78418 0.0126953 0 0.0689992
0 0.690918 0.345703 0.0107422 0.00195312 0.069308
0 0.727051 0.633789 0.00878906 0.00195312 0.0697805
0 0.277344 0.279297 0.0214844 0.00585938 0.0703592
0 0.283691 0.72168 0.0107422 0.00195312 0.0707095
0 0.443848 0.753418 0.0107422 0.000976562 0.0708257
0 0.72998 0.378906 0.00878906 0.00195312 0.0708844
0 0.255859 0.722656 0.00976562 0.00195312 0.0709381
0 0.283203 0.310547 0.0175781 0.0078125 0.0715659
0 0.475586 0.752441 0.00976562 0.000976562 0.0719473
0 0.729004 0.662598 0.00878906 0.000976562 0.0727117
0 0.251953 0.279785 0.0136719 0.00878906 0.0732134
0 0.692871 0.753418 0.0107422 0.000976562 0.0739468
0 0.726074 0.505859 0.0107422 0.00195312 0.074126
0 0.727051 0.313477 0.00878906 0.00195312 0.0741426
0 0.724609 0.60498 0.00976562 0.000976562 0.0743353
0 0.693359 0.0776367 0.0117188 0.00292969 0.0750101
0 0.695312 0.722656 0.00976562 0.00195312 0.075012
0 0.727539 0.345215 0.00976562 0.000976562 0.0753132
0 0.730957 0.441406 0.0107422 0.00195312 0.0754479
0 0.750488 0.165527 0.0126953 0.00292969 0.0768568
0 0.726562 0.474609 0.0117188 0.00195312 0.0785614
0 0.724609 0.541992 0.00976562 0.00195312 0.079231
0 0.808594 0.636719 0.0078125 0.00195312 0.080316
0 0.724609 0.574707 0.0117188 0.000976562 0.0820421
0 0.250488 0.299805 0.00878906 0.00195312 0.0829782
0 0.727539 0.691895 0.00976562 0.000976562 0.084943
0 0.725586 0.724121 0.00976562 0.000976562 0.0897334
