0 0.249512 0.182129 0.0224609 0.00878906 0.0500324
0 0.725586 0.689941 0.0136719 0.000976562 0.0500738
0 0.634766 0.285645 0.0117188 0.00292969 0.050174
0 0.697754 0.438477 0.0126953 0.00195312 0.0502347
0 0.0776367 0.101074 0.0146484 0.000976562 0.0502732
0 0.754883 0.320312 0.0136719 0.00195312 0.0503404
0 0.280762 0.182129 0.0224609 0.00878906 0.0503598
0 0.634277 0.255371 0.0107422 0.00292969 0.0504803
0 0.691895 0.599609 0.0107422 0.00195312 0.050493
0 0.39209 0.0400391 0.00878906 0.00390625 0.0505762
0 0.131836 0.315918 0.00976562 0.000976562 0.0506305
0 0.193359 0.0996094 0.0117188 0.00195312 0.0506439
0 0.224609 0.228027 0.0078125 0.000976562 0.0506848
0 0.634277 0.348633 0.0107422 0.00195312 0.0507046
0 0.571777 0.256348 0.00878906 0.00292969 0.0507099
0 0.539062 0.47168 0.00976562 0.00390625 0.0507188
0 0.373047 0.129883 0.0136719 0.00390625 0.0507394
0 0.789062 0.409668 0.0117188 0.000976562 0.0508138
0 0.661621 0.285156 0.0107422 0.00195312 0.0508214
0 0.637695 0.102051 0.0117188 0.00292969 0.0508568
0 0.574707 0.0341797 0.0107422 0.00390625 0.0508983
0 0.606445 0.0664062 0.00976562 0.00390625 0.0509214
0 0.251465 0.168945 0.00878906 0.00195312 0.0511342
0 0.297852 0.043457 0.0078125 0.00488281 0.0512523
0 0.661133 0.695312 0.0117188 0.00195312 0.0513208
0 0.258301 0.875 0.0107422 0.00195312 0.0514197
0 0.696289 0.46875 0.0117188 0.00195312 0.0514338
0 0.838867 0.174316 0.00976562 0.00292969 0.0514485
0 0.10791 0.254395 0.0126953 0.00292969 0.0514856
0 0.69043 0.349609 0.0136719 0.00195312 0.0516061
0 0.947266 0.317383 0.00976562 0.00390625 0.0516823
0 0.103027 0.285156 0.0107422 0.00195312 0.0517022
0 0.67334 0.0561523 0.00488281 0.00292969 0.0517191
0 0.17041 0.0371094 0.0107422 0.00195312 0.0517229
0 0.752441 0.63623 0.00878906 0.000976562 0.0517688
0 0.664062 0.0688477 0.015625 0.00292969 0.0517756
0 0.773438 0.676758 0.00390625 0 0.0518257
0 0.72168 0.755859 0.00976562 0.00195312 0.0518798
0 0.912598 0.103516 0.0126953 0.00195312 0.0518873
0 0.69043 0.755859 0.00976562 0.00195312 0.0519079
0 0.540039 0.440918 0.00976562 0.00292969 0.0520478
0 0.259766 0.0737305 0.00976562 0.00292969 0.0521276
0 0.917969 0.0405273 0.00976562 0.00292969 0.0521309
0 0.759766 0.195312 0.0136719 0.00195312 0.0522404
0 0.140625 0.034668 0.0136719 0.000976562 0.0523885
0 0.749023 0.570312 0.00976562 0.00195312 0.0524822
0 0.265137 0.0400391 0.00878906 0.00390625 0.0525015
0 0.729004 0.469727 0.0126953 0.00195312 0.0525606
0 0.61084 0.94873 0.000976562 0.00292969 0.0526015
0 0.107422 0.0668945 0.0136719 0.000976562 0.0526202
0 0.722168 0.662598 0.0107422 0.000976562 0.0529443
0 0.753418 0.354004 0.0126953 0.000976562 0.0530353
0 0.690918 0.630371 0.0107422 0.00292969 0.0531102
0 0.943359 0.289551 0.00976562 0.00292969 0.0531124
0 0.955078 0.939941 0.00585938 0.00488281 0.0531325
0 0.281738 0.353516 0.0107422 0.00195312 0.0532901
0 0.875488 0.286133 0.0126953 0.00195312 0.0533657
0 0.509766 0.470703 0.00976562 0.00390625 0.0533854
0 0.943359 0.256836 0.00976562 0.00195312 0.0534088
0 0.633301 0.376953 0.00878906 0.00195312 0.0534184
0 0.284668 0.472168 0.0107422 0.00292969 0.0535523
0 0.0415039 0.945312 0.000976562 0.00195312 0.0535781
0 0.756348 0.387207 0.0126953 0.000976562 0.0538227
0 0.690918 0.318848 0.0126953 0.000976562 0.0540217
0 0.755371 0.442383 0.0107422 0.00195312 0.0542051
0 0.756836 0.689453 0.0136719 0.00195312 0.0542636
0 0.720215 0.940918 0.00292969 0.00683594 0.0543025
0 0.690918 0.570312 0.0107422 0.00195312 0.0543599
0 0.941406 0.104004 0.0136719 0.000976562 0.0544364
0 0.719727 0.633301 0.0078125 0.000976562 0.054471
0 0.69043 0.691406 0.0136719 0.00195312 0.054704
0 0.754883 0.287109 0.0136719 0.00195312 0.0547362
0 0.250977 0.350586 0.00976562 0.00195312 0.054851
0 0.718262 0.604004 0.00878906 0.000976562 0.0552934
0 0.695312 0.253906 0.0136719 0.00195312 0.0554436
0 0.502441 0.756836 0.0107422 0.00195312 0.0554533
0 0.755859 0.257324 0.0136719 0.000976562 0.0556288
0 0.689453 0.537109 0.00976562 0.00195312 0.0559514
0 0.282227 0.287109 0.00976562 0.00195312 0.0560304
0 0.11084 0.0327148 0.0146484 0.000976562 0.0560687
0 0.625977 0.450684 0 0.00683594 0.0561483
0 0.102539 0.314453 0.00976562 0.00195312 0.0562718
0 0.25 0.250488 0.0332031 0.00683594 0.0564237
0 0.725586 0.257324 0.0136719 0.000976562 0.0564767
0 0.285645 0.254395 0.00878906 0.00292969 0.0565407
0 0.720703 0.72168 0.0117188 0.00195312 0.05658
0 0.499512 0.727539 0.0107422 0.00195312 0.0565866
0 0.976562 0.106934 0.0117188 0.000976562 0.0566318
0 0.729492 0.441406 0.0136719 0.00195312 0.0566482
0 0.755371 0.659668 0.0126953 0.000976562 0.0570101
0 0.697754 0.225586 0.0126953 0.00195312 0.0571466
0 0.688477 0.661133 0.0117188 0.00195312 0.0573868
0 0.782227 0.288086 0.0117188 0.00195312 0.0574225
0 0.225098 0.0756836 0.00878906 0.00292969 0.0574577
0 0.224121 0.253906 0.00878906 0.00195312 0.0576294
0 0.758301 0.411133 0.0126953 0.00195312 0.0577517
0 0.256348 0.22998 0.00878906 0.000976562 0.0580753
0 0.325684 0.0429688 0.00878906 0.00390625 0.0584711
0 0.193848 0.00585938 0.0107422 0.00195312 0.0584888
0 0.359863 0.0380859 0.00878906 0.00390625 0.058508
0 0.721191 0.354004 0.0126953 0.000976562 0.0585261
0 0.728516 0.226562 0.0136719 0.00195312 0.0585987
0 0.249023 0.318359 0.00976562 0.00195312 0.0587955
0 0.948242 0.946777 0.00390625 0.00683594 0.0588692
0 0.711914 0.93457 0.00195312 0.00195312 0.0589921
0 0.785156 0.318359 0.0136719 0.00195312 0.0594019
0 0.635254 0.0664062 0.0107422 0.00390625 0.0594526
0 0.731445 0.411133 0.0136719 0.00195312 0.0595791
0 0.22998 0.0405273 0.0107422 0.00292969 0.0596649
0 0.787109 0.349121 0.0136719 0.000976562 0.0599744
0 0.947266 0.940918 0.00585938 0.00488281 0.0600127
0 0.661621 0.0375977 0.0146484 0.00292969 0.0600758
0 0.712402 0.939453 0.000976562 0.00390625 0.0607778
0 0.0795898 0.0336914 0.0146484 0.000976562 0.0608034
0 0.689941 0.724609 0.0107422 0.00195312 0.0610739
0 0.692871 0.285156 0.0126953 0.00195312 0.0613181
0 0.759766 0.224121 0.0136719 0.000976562 0.0614759
0 0.722656 0.320312 0.0136719 0.00195312 0.0615408
0 0.0786133 0.0688477 0.0126953 0.000976562 0.0615642
0 0.194824 0.0722656 0.0107422 0.00195312 0.0621753
0 0.726562 0.384277 0.0136719 0.000976562 0.0624887
0 0.722168 0.536133 0.00878906 0.00195312 0.0630135
0 0.0571289 0.947266 0.000976562 0.00390625 0.0640013
0 0.717773 0.572754 0.00976562 0.000976562 0.0643223
0 0.721191 0.950684 0.000976562 0.00683594 0.065004
0 0.194336 0.0390625 0.0117188 0.00195312 0.0652981
0 0.724121 0.286133 0.0126953 0.00195312 0.0654711
0 0.0493164 0.943848 0.000976562 0.00292969 0.0654942
0 0.251953 0.287109 0.00976562 0.00195312 0.0675657
0 0.847656 0.18457 0.0214844 0.0117188 0.0685681
0 0.977539 0.0751953 0.0117188 0.00195312 0.0695654
0 0.673828 0.0429688 0.00585938 0.00585938 0.0699166
0 0.713379 0.950195 0.000976562 0.00390625 0.0715573
0 0.879395 0.188965 0.0283203 0.00878906 0.07388
0 0.254395 0.257812 0.00878906 0.00195312 0.0741659
0 0.981445 0.0449219 0.00976562 0.00195312 0.0743573
0 0.224609 0.734863 0.00195312 0.00488281 0.0747837
0 0.70459 0.951172 0.000976562 0.00585938 0.0752845
0 0.943848 0.0449219 0.0107422 0.00195312 0.078346
0 0.943359 0.0771484 0.0136719 0.00195312 0.0831949
