0 0.0717773 0.287598 0.00878906 0.000976562 0.0500277
0 0.361328 0.0444336 0.0078125 0.00292969 0.05007
0 0.46582 0.753906 0.0136719 0.00195312 0.0501086
0 0.472656 0.137207 0.0117188 0.000976562 0.0501439
0 0.188477 0.284668 0.00976562 0.00292969 0.0501654
0 0.530762 0.76123 0.0107422 0.00292969 0.0501976
0 0.577637 0.0703125 0.00878906 0.00195312 0.0502528
0 0.377441 0.396484 0.0205078 0.0078125 0.0502781
0 0.695801 0.132812 0.0126953 0.00195312 0.050297
0 0.471191 0.251953 0.0224609 0.00585938 0.0503162
0 0.257812 0.723145 0.0078125 0.000976562 0.05032
0 0.478027 0.602051 0.0126953 0.00292969 0.0503501
0 0.780762 0.415039 0.0126953 0.00195312 0.0503882
0 0.540527 0.441406 0.00878906 0.00195312 0.0504222
0 0.787598 0.382812 0.0126953 0.00195312 0.0504237
0 0.285156 0.568359 0.00585938 0.00195312 0.0504436
0 0.533691 0.196289 0.0126953 0.00195312 0.0504566
0 0.634277 0.57373 0.0126953 0.00292969 0.0504642
0 0.750488 0.477051 0.0126953 0.000976562 0.0505465
0 0.630371 0.477539 0.0107422 0.00195312 0.0505543
0 0.250977 0.244141 0.0195312 0.0078125 0.0506757
0 0.668945 0.103516 0.00976562 0.00195312 0.0506765
0 0.633301 0.412109 0.0107422 0.00195312 0.050686
0 0.474121 0.664062 0.0107422 0.00195312 0.0506894
0 0.942871 0.827637 0.00878906 0.000976562 0.0507165
0 0.604492 0.134766 0.0078125 0.00195312 0.0507735
0 0.290039 0.106934 0.00976562 0.00292969 0.0508105
0 0.317871 0.689453 0.00878906 0.00195312 0.0508915
0 0.879883 0.505371 0.0117188 0.000976562 0.0509895
0 0.813477 0.478027 0.00976562 0.000976562 0.0510978
0 0.109375 0.0639648 0.0136719 0.000976562 0.0511079
0 0.439941 0.25 0.0224609 0.00585938 0.0511294
0 0.408203 0.288086 0.0117188 0.00195312 0.0511409
0 0.567383 0.19873 0.0117188 0.000976562 0.0511765
0 0.876953 0.259277 0.0117188 0.000976562 0.0511911
0 0.755859 0.22998 0.00976562 0.000976562 0.0511922
0 0.632812 0.445312 0.0117188 0.00195312 0.0512199
0 0.787109 0.227051 0.0078125 0.000976562 0.0512243
0 0.947754 0.597168 0.00878906 0.000976562 0.0512315
0 0.504395 0.604492 0.0126953 0.00195312 0.0512366
0 0.162109 0.54541 0.00976562 0.00292969 0.0512372
0 0.94873 0.788086 0.00292969 0.00976562 0.051286
0 0.23584 0.0327148 0.0146484 0.000976562 0.0512986
0 0.318848 0.777832 0.0146484 0.000976562 0.0513715
0 0.782715 0.540527 0.0146484 0.000976562 0.0513898
0 0.317383 0.720215 0.00976562 0.000976562 0.051391
0 0.500977 0.253906 0.0136719 0.00195312 0.0513996
0 0.657227 0.671387 0.0117188 0.00292969 0.0514396
0 0.569336 0.282715 0.0117188 0.000976562 0.0514567
0 0.316895 0.750488 0.0107422 0.000976562 0.0515005
0 0.633301 0.314941 0.0107422 0.000976562 0.0516599
0 0.300293 0.0390625 0.0107422 0.00195312 0.0516893
0 0.46875 0.78418 0.0136719 0.00195312 0.0517239
0 0.723633 0.763184 0.0078125 0.000976562 0.0517265
0 0.663086 0.286621 0.0117188 0.000976562 0.0517466
0 0.567383 0.751953 0.00390625 0.00390625 0.0518699
0 0.946777 0.472656 0.0107422 0.00195312 0.0518877
0 0.786621 0.602051 0.0107422 0.000976562 0.0518901
0 0.533691 0.226074 0.0146484 0.000976562 0.0519424
0 0.598145 0.183105 0.0224609 0.0126953 0.0520046
0 0.630859 0.541992 0.0117188 0.00195312 0.0520146
0 0.202637 0.0307617 0.0146484 0.000976562 0.0520358
0 0.563965 0.603516 0.0126953 0.00195312 0.0520524
0 0.15918 0.253906 0.0117188 0.00195312 0.0520695
0 0.75293 0.730957 0.0078125 0.000976562 0.05208
0 0.38623 0.564941 0.00878906 0.00292969 0.052092
0 0.77832 0.294434 0.00585938 0.000976562 0.0521027
0 0.509277 0.378418 0.00683594 0.00292969 0.0521108
0 0.160156 0.225586 0.0117188 0.00195312 0.0521149
0 0.257812 0.193359 0.0117188 0.00390625 0.0521615
0 0.951172 0.822754 0 0.00292969 0.0521985
0 0.914062 0.600586 0.0078125 0.00195312 0.0522358
0 0.760742 0.103027 0.0117188 0.000976562 0.0522482
0 0.658203 0.702637 0.0117188 0.00488281 0.0522861
0 0.314453 0.319336 0.0078125 0.00195312 0.052295
0 0.322266 0.108887 0.0078125 0.00292969 0.0524062
0 0.758301 0.194824 0.0107422 0.000976562 0.0524413
0 0.560059 0.788086 0.0146484 0.00195312 0.052491
0 0.284668 0.256348 0.0107422 0.00292969 0.0525648
0 0.594727 0.787109 0.0117188 0.00195312 0.0525746
0 0.269043 0.0351562 0.0126953 0.00195312 0.0525759
0 0.785156 0.35498 0.0117188 0.000976562 0.0526034
0 0.720703 0.385742 0.0136719 0.00195312 0.0526388
0 0.946777 0.380859 0.0107422 0.00195312 0.0526733
0 0.750977 0.355957 0.0117188 0.000976562 0.0526807
0 0.658691 0.637207 0.0107422 0.00292969 0.0527427
0 0.111328 0.0317383 0.0136719 0.000976562 0.0527478
0 0.596191 0.763672 0.0107422 0.00195312 0.0527565
0 0.357422 0.0786133 0.0078125 0.00292969 0.0528351
0 0.381836 0.753418 0.00976562 0.000976562 0.0528962
0 0.914062 0.472656 0.0117188 0.00195312 0.0529201
0 0.225586 0.224609 0.00976562 0.00195312 0.0529347
0 0.638672 0.105469 0.0078125 0.00195312 0.0529497
0 0.287598 0.226074 0.0107422 0.00292969 0.0530013
0 0.351074 0.564453 0.00878906 0.00195312 0.0530313
0 0.191895 0.225098 0.0107422 0.000976562 0.0530399
0 0.75293 0.546387 0.0117188 0.000976562 0.0531227
0 0.347656 0.631348 0.0078125 0.000976562 0.0531572
0 0.138184 0.0649414 0.0126953 0.000976562 0.0532135
0 0.330566 0.043457 0.00878906 0.00292969 0.0533698
0 0.722168 0.837891 0.0146484 0.00976562 0.0534521
0 0.810059 0.447754 0.0107422 0.000976562 0.0534534
0 0.505371 0.347168 0.00878906 0.00292969 0.0535476
0 0.185059 0.356445 0.00878906 0.00195312 0.0536818
0 0.233398 0.0625 0.0136719 0.00195312 0.0537198
0 0.566895 0.347656 0.0107422 0.00195312 0.0537879
0 0.910645 0.226074 0.0126953 0.000976562 0.0538246
0 0.144531 0.0307617 0.015625 0.000976562 0.0538282
0 0.663086 0.445312 0.0136719 0.00195312 0.0538414
0 0.766602 0.0668945 0.0117188 0.000976562 0.0538512
0 0.828125 0.0620117 0.0117188 0.000976562 0.0538535
0 0.535156 0.172852 0.0117188 0.00195312 0.0538685
0 0.22168 0.256836 0.00976562 0.00195312 0.0538711
0 0.284668 0.284668 0.00878906 0.00292969 0.0538736
0 0.662598 0.229492 0.0126953 0.00195312 0.0538771
0 0.750488 0.513184 0.0107422 0.000976562 0.0538953
0 0.663086 0.508789 0.0117188 0.00195312 0.0539215
0 0.947266 0.44043 0.0117188 0.00195312 0.0539425
0 0.417969 0.565918 0.00976562 0.00292969 0.0539436
0 0.706055 0.0361328 0.0117188 0.00195312 0.0540053
0 0.188965 0.254883 0.0107422 0.00195312 0.054111
0 0.416504 0.597168 0.00878906 0.00292969 0.0541145
0 0.661621 0.476074 0.0126953 0.000976562 0.0541501
0 0.597656 0.509766 0.0117188 0.00195312 0.0541745
0 0.41748 0.533691 0.00878906 0.00292969 0.0542041
0 0.727051 0.165527 0.0126953 0.000976562 0.0543748
0 0.629395 0.604492 0.0107422 0.00195312 0.0544065
0 0.532227 0.791504 0.0136719 0.00292969 0.0544125
0 0.53418 0.256836 0.0136719 0.00195312 0.0545565
0 0.346191 0.598145 0.00878906 0.00292969 0.0546102
0 0.468262 0.731445 0.00878906 0.00195312 0.0546341
0 0.782715 0.328125 0.00683594 0 0.0546711
0 0.674805 0.0390625 0.00976562 0.00195312 0.0549229
0 0.878906 0.290039 0.0117188 0.00195312 0.0550127
0 0.291992 0.0727539 0.00976562 0.00292969 0.055046
0 0.936523 0.81543 0.00585938 0.00195312 0.0551325
0 0.730469 0.104004 0.0117188 0.000976562 0.0551538
0 0.662109 0.382324 0.0117188 0.00292969 0.0551667
0 0.567871 0.90918 0.0107422 0.00195312 0.0552164
0 0.608887 0.103516 0.00878906 0.00195312 0.0552316
0 0.260742 0.103516 0.00976562 0.00195312 0.0553504
0 0.662109 0.316895 0.0117188 0.000976562 0.0555425
0 0.689941 0.384766 0.0126953 0.00195312 0.0555697
0 0.727539 0.134277 0.0117188 0.000976562 0.0555821
0 0.847656 0.537598 0.0117188 0.000976562 0.0556155
0 0.61084 0.0727539 0.00878906 0.00292969 0.0556365
0 0.568848 0.379883 0.00878906 0.00195312 0.0556813
0 0.19873 0.0620117 0.0146484 0.000976562 0.0557247
0 0.694824 0.196289 0.0107422 0.00195312 0.0557592
0 0.647461 0.0380859 0.00976562 0.00195312 0.0558186
0 0.540039 0.410645 0.00976562 0.00292969 0.0559155
0 0.474121 0.11084 0.00878906 0.000976562 0.0560038
0 0.883789 0.599121 0.00976562 0.000976562 0.0560389
0 0.908691 0.259277 0.0107422 0.000976562 0.0560684
0 0.263184 0.0683594 0.0107422 0.00195312 0.0560685
0 0.951172 0.812012 0 0.00488281 0.0564968
0 0.174316 0.0307617 0.0146484 0.000976562 0.0565012
0 0.950195 0.410645 0.0117188 0.000976562 0.0566639
0 0.754883 0.413086 0.0117188 0.00195312 0.0567433
0 0.381348 0.597656 0.00878906 0.00195312 0.0567624
0 0.630859 0.508789 0.0117188 0.00195312 0.0567663
0 0.751465 0.668945 0.00878906 0.00195312 0.0569079
0 0.951172 0.815918 0.00390625 0.000976562 0.0569796
0 0.758301 0.134766 0.0107422 0.00195312 0.0569909
0 0.662598 0.413086 0.0126953 0.00195312 0.0570243
0 0.67041 0.0732422 0.00878906 0.00195312 0.0573434
0 0.750977 0.263184 0.00976562 0.000976562 0.0574372
0 0.750977 0.697754 0.00976562 0.000976562 0.0574779
0 0.249512 0.32373 0.00683594 0.000976562 0.0575479
0 0.661133 0.350098 0.0117188 0.000976562 0.0575867
0 0.912598 0.505371 0.0107422 0.000976562 0.0575981
0 0.693359 0.789062 0.0078125 0.00195312 0.0576195
0 0.351074 0.750977 0.0107422 0.00195312 0.0576827
0 0.442871 0.31543 0.0107422 0.00195312 0.0577849
0 0.533691 0.285156 0.0126953 0.00195312 0.0578228
0 0.499512 0.283203 0.0126953 0.00195312 0.0579385
0 0.662598 0.542969 0.0126953 0.00195312 0.0583037
0 0.944336 0.286621 0.00976562 0.000976562 0.058374
0 0.249023 0.288574 0.0078125 0.00292969 0.0584167
0 0.692383 0.444336 0.0136719 0.00195312 0.0585154
0 0.689453 0.263672 0.0117188 0.00195312 0.058573
0 0.785156 0.260254 0.00976562 0.000976562 0.058604
0 0.752441 0.60498 0.0107422 0.000976562 0.0587016
0 0.326172 0.0756836 0.0078125 0.00292969 0.0588314
0 0.135254 0.599609 0.0126953 0.00390625 0.0588701
0 0.165039 0.0629883 0.0136719 0.000976562 0.0589582
0 0.285645 0.721191 0.0107422 0.000976562 0.0590918
0 0.567383 0.314453 0.0117188 0.00195312 0.0591806
0 0.641602 0.0756836 0.0078125 0.00292969 0.0592048
0 0.914551 0.569336 0.0107422 0.00195312 0.0595935
0 0.686523 0.699219 0.00976562 0.00195312 0.0599609
0 0.752441 0.636719 0.0107422 0.00195312 0.0599731
0 0.753418 0.575684 0.0126953 0.000976562 0.0601878
0 0.721191 0.415527 0.0146484 0.000976562 0.0602705
0 0.467773 0.285645 0.0136719 0.000976562 0.0605613
0 0.688477 0.29248 0.0117188 0.000976562 0.0606165
0 0.881836 0.537598 0.0117188 0.000976562 0.0607882
0 0.436523 0.287109 0.0136719 0.00195312 0.0608053
0 0.69043 0.413574 0.0136719 0.000976562 0.0612368
0 0.688965 0.354492 0.0126953 0.00195312 0.0613075
0 0.851562 0.598633 0.0117188 0.00195312 0.0613993
0 0.702637 0.0688477 0.0107422 0.000976562 0.0615482
0 0.253418 0.257812 0.00878906 0.00195312 0.0615888
0 0.660645 0.604492 0.0107422 0.00195312 0.061606
0 0.536621 0.34668 0.0107422 0.00195312 0.0619241
0 0.664062 0.57373 0.0136719 0.00292969 0.0621049
0 0.75293 0.443848 0.0117188 0.000976562 0.0621512
0 0.908203 0.290527 0.00976562 0.000976562 0.0623038
0 0.723145 0.23291 0.0107422 0.000976562 0.0623568
0 0.690918 0.476074 0.0126953 0.000976562 0.0625277
0 0.382324 0.783203 0.0107422 0.00195312 0.0625406
0 0.284668 0.751465 0.0107422 0.000976562 0.062744
0 0.691406 0.231445 0.0117188 0.00195312 0.0629464
0 0.818359 0.569336 0.0136719 0.00195312 0.0629814
0 0.688477 0.322266 0.0117188 0.00195312 0.063357
0 0.191895 0.558594 0.0166016 0.00585938 0.0633828
0 0.686523 0.635742 0.0117188 0.00195312 0.063447
0 0.883789 0.569336 0.0117188 0.00195312 0.0634813
0 0.719238 0.355469 0.0126953 0.00195312 0.063854
0 0.717773 0.512695 0.0117188 0.00195312 0.0640833
0 0.153809 0.314941 0.00878906 0.000976562 0.0643059
0 0.256348 0.226562 0.00878906 0.00195312 0.0644619
0 0.726562 0.197266 0.0117188 0.00195312 0.0646384
0 0.720215 0.478516 0.0126953 0.00195312 0.0648107
0 0.72168 0.446289 0.0136719 0.00195312 0.0648346
0 0.0976562 0.597168 0.00976562 0.0107422 0.0648602
0 0.735352 0.0678711 0.0117188 0.000976562 0.0650254
0 0.913574 0.536621 0.0107422 0.000976562 0.0656451
0 0.690918 0.508789 0.0126953 0.00195312 0.0657292
0 0.559082 0.76123 0.0107422 0.00292969 0.0658723
0 0.257812 0.752441 0.00976562 0.000976562 0.0660166
0 0.720703 0.294434 0.0117188 0.000976562 0.0660451
0 0.719238 0.266113 0.0107422 0.000976562 0.0661419
0 0.717285 0.640625 0.0107422 0.00195312 0.0661458
0 0.776855 0.447754 0.0126953 0.000976562 0.0666884
0 0.71875 0.325195 0.0117188 0.00195312 0.0667005
0 0.786133 0.572754 0.0136719 0.000976562 0.0667724
0 0.350098 0.78125 0.0126953 0.00195312 0.0668607
0 0.780762 0.479004 0.0126953 0.000976562 0.0670262
0 0.538086 0.379395 0.0078125 0.00292969 0.0671015
0 0.473145 0.31543 0.0107422 0.00195312 0.0671723
0 0.687988 0.606445 0.0107422 0.00195312 0.0678718
0 0.744629 0.296387 0.00878906 0.000976562 0.0680102
0 0.286133 0.780762 0.0117188 0.000976562 0.0680766
0 0.849121 0.570312 0.0126953 0.00195312 0.0682173
0 0.719238 0.606934 0.0107422 0.000976562 0.0686956
0 0.69043 0.759766 0.00976562 0.00195312 0.0695037
0 0.50293 0.313477 0.0117188 0.00195312 0.069735
0 0.257812 0.780762 0.0117188 0.000976562 0.0698349
0 0.535645 0.313477 0.0107422 0.00195312 0.0701796
0 0.71875 0.700684 0.0078125 0.000976562 0.0702363
0 0.748047 0.32373 0.0078125 0.000976562 0.0704597
0 0.719727 0.575684 0.0117188 0.000976562 0.0711347
0 0.689941 0.573242 0.0126953 0.00195312 0.0719097
0 0.690918 0.541992 0.0126953 0.00195312 0.072437
0 0.687012 0.731445 0.0107422 0.00195312 0.073572
0 0.719727 0.73291 0.00976562 0.000976562 0.0743093
0 0.151855 0.35498 0.00878906 0.000976562 0.0769385
0 0.497559 0.760742 0.0126953 0.00195312 0.0773455
0 0.500488 0.791016 0.0126953 0.00195312 0.078524
0 0.71875 0.54541 0.0117188 0.000976562 0.0864192
