0 0.54248 0.126953 0.00878906 0.00195312 0.0500805
0 0.253906 0.662598 0.00976562 0.00292969 0.0500917
0 0.573242 0.87793 0.0117188 0.00195312 0.050099
0 0.390137 0.878906 0.0126953 0.00195312 0.0502565
0 0.719238 0 0.00683594 0 0.050542
0 0.170898 0.0292969 0.0117188 0.00195312 0.0505799
0 0.253906 0.631348 0.00976562 0.00292969 0.0506999
0 0.293945 0.0957031 0.00976562 0.00195312 0.0507078
0 0.70459 0.0625 0.0146484 0 0.0508241
0 0.721191 0.119141 0.00488281 0.00195312 0.0508522
0 0.662598 0.69043 0.00878906 0.00195312 0.050896
0 0.28418 0.247559 0.00976562 0.000976562 0.0511651
0 0.319824 0.850098 0.0107422 0.00292969 0.0512082
0 0.255859 0.693848 0.00976562 0.00292969 0.0512331
0 0.232422 0.0668945 0.00976562 0.000976562 0.0512719
0 0.763184 0.876953 0.00878906 0.00195312 0.051372
0 0.628906 0.723633 0.00976562 0.00195312 0.0514071
0 0.763672 0 0.00976562 0 0.0514336
0 0.388184 0.0986328 0.00878906 0.00195312 0.0516808
0 0.314453 0.687012 0.00585938 0.00683594 0.0517615
0 0.686523 0.600586 0.00976562 0.00195312 0.051776
0 0.325195 0.87793 0.0136719 0.00195312 0.0518314
0 0.878418 0.53418 0.00878906 0.00195312 0.0518663
0 0.23584 0.0361328 0.0107422 0.00195312 0.0518833
0 0.788574 0 0.00878906 0 0.0519441
0 0.736816 0.0649414 0.0126953 0.000976562 0.051985
0 0.311035 0.602051 0.0126953 0.000976562 0.0520014
0 0.692871 0.444824 0.0107422 0.000976562 0.0521619
0 0.762207 0.910645 0.00878906 0.00292969 0.0521856
0 0.65918 0.754883 0.00976562 0.00195312 0.052652
0 0.970703 0.935059 0.00390625 0.00683594 0.0527451
0 0.713379 0.0566406 0.00488281 0.00195312 0.0528365
0 0.723633 0.508301 0.00976562 0.00292969 0.0529201
0 0.727539 0.382324 0.00976562 0.000976562 0.05298
0 0.0410156 0.233887 0.00195312 0.00292969 0.0531714
0 0.689453 0.475586 0.00976562 0.00195312 0.0532916
0 0.744629 0.0390625 0.00683594 0.00195312 0.0533651
0 0.26416 0.0664062 0.00878906 0.00195312 0.0534065
0 0.408203 0.807617 0.0136719 0.0078125 0.0536011
0 0.754395 0.724121 0.00878906 0.000976562 0.0536315
0 0.603027 0.848633 0.0126953 0.00195312 0.0536504
0 0.284668 0.691895 0.0107422 0.00292969 0.0536859
0 0.806152 0.0288086 0.00683594 0.000976562 0.0536921
0 0.720703 0.538086 0.00976562 0.00195312 0.0537041
0 0.421875 0.878418 0.0117188 0.00292969 0.0537356
0 0.260254 0.184082 0.0107422 0.000976562 0.0538336
0 0.320312 0.65332 0.00390625 0.00585938 0.0538726
0 0.286621 0.21582 0.0107422 0.00195312 0.0539741
0 0.263184 0.153809 0.0107422 0.000976562 0.0541313
0 0.386719 0.0649414 0.0117188 0.00292969 0.0542992
0 0.26709 0.00195312 0.00878906 0.00195312 0.0543434
0 0.72998 0.315918 0.00683594 0.000976562 0.0544668
0 0.726074 0.412598 0.0107422 0.000976562 0.0547024
0 0.962402 0.935547 0.00292969 0.0078125 0.0547611
0 0.293945 0.0664062 0.0078125 0.00390625 0.0547912
0 0.361328 0.0327148 0.0117188 0.00292969 0.0548495
0 0.199707 0.0664062 0.0107422 0.00195312 0.0550477
0 0.286621 0.818359 0.0146484 0.00195312 0.0550592
0 0.731934 0.849121 0.00878906 0.00292969 0.0552413
0 0.731445 0.909668 0.00976562 0.00292969 0.0554136
0 0.321289 0.184082 0.00976562 0.00292969 0.0555244
0 0.71875 0.569336 0.00976562 0.00195312 0.0557519
0 0.687012 0.508301 0.00878906 0.00292969 0.055913
0 0.297852 0.000488281 0.00976562 0.000976562 0.0559505
0 0.450684 0.881348 0.0126953 0.00292969 0.0560223
0 0.291504 0.15332 0.0126953 0.00195312 0.0561734
0 0.695312 0.658691 0.00976562 0.00292969 0.0565893
0 0.727051 0.814941 0.00878906 0.00292969 0.0568674
0 0.724609 0.445801 0.00976562 0.000976562 0.0569215
0 0.729004 0.348145 0.00878906 0.000976562 0.057159
0 0.65918 0.723633 0.00976562 0.00195312 0.0571611
0 0.821777 0.0576172 0.00878906 0.00195312 0.057282
0 0.635742 0.0639648 0.0136719 0.000976562 0.0573774
0 0.820801 0.137207 0.000976562 0.00488281 0.0577275
0 0.69873 0.845703 0.0107422 0.00195312 0.0578304
0 0.806641 0.0532227 0.00976562 0.000976562 0.0580387
0 0.330078 0.0327148 0.0117188 0.00292969 0.0583726
0 0.252441 0.727051 0.00878906 0.00292969 0.0585467
0 0.601074 0.878906 0.0126953 0.00195312 0.059331
0 0.313965 0.661621 0.00878906 0.00292969 0.0594367
0 0.313477 0.698242 0.00976562 0.00195312 0.0595381
0 0.725098 0.785645 0.00878906 0.000976562 0.0604372
0 0.696777 0.875977 0.0126953 0.00195312 0.0607685
0 0.257812 0.217285 0.00976562 0.000976562 0.061025
0 0.692383 0.813477 0.00976562 0.00195312 0.0611268
0 0.342285 0.618164 0.0146484 0.00585938 0.0611614
0 0.75293 0.0390625 0.0078125 0.00195312 0.0611909
0 0.73584 0.0400391 0.00488281 0.00195312 0.061874
0 0.314453 0.620117 0.00585938 0.0078125 0.0624101
0 0.34375 0.684082 0.0078125 0.00683594 0.062653
0 0.724609 0.691406 0.00976562 0.00195312 0.0628343
0 0.287109 0.18457 0.0117188 0.00195312 0.0630255
0 0.807129 0.0449219 0.0107422 0 0.0636262
0 0.286621 0.78125 0.0126953 0.00195312 0.0641429
0 0.348633 0.703125 0.0078125 0.00195312 0.0642546
0 0.722168 0.755371 0.00878906 0.000976562 0.0643863
0 0.266602 0.0351562 0.00976562 0.00195312 0.0649305
0 0.731445 0.878906 0.0117188 0.00195312 0.0661914
0 0.70459 0.0561523 0.00488281 0.00292969 0.0673673
0 0.813965 0.0297852 0.00683594 0.000976562 0.0676921
0 0.691895 0.783691 0.00878906 0.000976562 0.070687
0 0.692383 0.689941 0.00976562 0.00292969 0.0718618
0 0.296875 0.0336914 0.00976562 0.00292969 0.0724193
0 0.72168 0.724609 0.00976562 0.00195312 0.0739956
0 0.69043 0.752441 0.00976562 0.000976562 0.0785632
0 0.689453 0.722656 0.00976562 0.00195312 0.0833979
0 0.814941 0.0449219 0.0107422 0.00195312 0.0905515
0 0.813965 0.0546875 0.00878906 0.00195312 0.0939409
0 0.806641 0.0385742 0.0078125 0.000976562 0.0948291
0 0.813965 0.0390625 0.00878906 0.00195312 0.115877
