0 0.889648 0.377441 0.0078125 0.00683594 0.0500288
0 0.725586 0.296875 0.00976562 0.00195312 0.0501027
0 0.668457 0.879883 0.00878906 0.00585938 0.0501714
0 0.733887 0.138184 0.00878906 0.00292969 0.0501934
0 0.785156 0.638672 0.0117188 0.00195312 0.0502497
0 0.726074 0.266602 0.00878906 0.00195312 0.0502558
0 0.101074 0.727051 0.00878906 0.000976562 0.0503339
0 0.54541 0.938965 0.00878906 0.00292969 0.0503625
0 0.700195 0.845703 0.0078125 0.00390625 0.0503788
0 0.692383 0.29248 0.0117188 0.00292969 0.0506026
0 0.225586 0.134766 0.0078125 0.00390625 0.0507421
0 0.354004 0.946777 0.0107422 0.00292969 0.0507656
0 0.256836 0.450195 0.00976562 0.00195312 0.0507825
0 0.72998 0.785156 0.0107422 0.00195312 0.0509616
0 0.547363 0.130859 0.0126953 0.00195312 0.0509701
0 0.727051 0.205078 0.0107422 0.00195312 0.0509927
0 0.574707 0.163574 0.0107422 0.00292969 0.051001
0 0.442871 0.253418 0.0107422 0.000976562 0.0511389
0 0.350098 0.378906 0.0107422 0.00195312 0.0511629
0 0.693359 0.666016 0.00976562 0.00390625 0.0512108
0 0.801758 0.986816 0.00390625 0.00878906 0.0512331
0 0.916992 0.102051 0.0078125 0.000976562 0.0512356
0 0.731445 0.847168 0.0078125 0.00292969 0.0512428
0 0.693848 0.206055 0.0107422 0.00195312 0.0513069
0 0.256348 0.757324 0.0107422 0.000976562 0.0515003
0 0.636719 0.101562 0.0136719 0.00195312 0.0515647
0 0.380859 0.412109 0.0117188 0.00195312 0.0516651
0 0.288086 0.817871 0.0117188 0.00292969 0.0516976
0 0.286621 0.851562 0.0107422 0.00390625 0.0520011
0 0.382324 0.378418 0.0107422 0.00292969 0.0523094
0 0.226562 0.418457 0.00976562 0.00292969 0.0523202
0 0.212402 0.606934 0.00292969 0.00683594 0.0525685
0 0.885742 0.103516 0.0078125 0.00195312 0.0525947
0 0.726562 0.23584 0.00976562 0.000976562 0.0526376
0 0.739258 0.0405273 0.0078125 0.00292969 0.0526446
0 0.670898 0.101074 0.0117188 0.00292969 0.0526516
0 0.512695 0.882812 0.0117188 0.00390625 0.0527223
0 0.736816 0.0766602 0.00683594 0.00292969 0.052762
0 0.348633 0.413086 0.0117188 0.00195312 0.0529347
0 0.601562 0.75293 0.0078125 0.00195312 0.0530339
0 0.185059 0.133789 0.00683594 0.00195312 0.0533034
0 0.568359 0.443359 0.00976562 0.00390625 0.053575
0 0.697754 0.783203 0.0107422 0.00195312 0.0535964
0 0.630859 0.787598 0.0078125 0.00292969 0.053603
0 0.568848 0.283203 0.00878906 0.00195312 0.0538579
0 0.0361328 0.331543 0.00976562 0.00292969 0.0539784
0 0.605957 0.133789 0.0126953 0.00195312 0.0539905
0 0.258789 0.0200195 0.0136719 0.00878906 0.0540661
0 0.700684 0.909668 0.0107422 0.00292969 0.054102
0 0.112305 0.910645 0.0117188 0.00292969 0.0541442
0 0.317871 0.381836 0.0126953 0.00195312 0.0541764
0 0.723145 0.572754 0.00878906 0.00292969 0.054507
0 0.567871 0.411133 0.0107422 0.00390625 0.0545208
0 0.571777 0.346191 0.0107422 0.00292969 0.0545942
0 0.257324 0.788086 0.00878906 0.00195312 0.0546814
0 0.768555 0.0405273 0.00976562 0.00292969 0.0547237
0 0.257324 0.884277 0.00878906 0.00292969 0.0548669
0 0.568848 0.380371 0.0107422 0.00292969 0.0550952
0 0.672852 0.0698242 0.00976562 0.00292969 0.0552598
0 0.373535 0.668945 0.00683594 0.00195312 0.0552901
0 0.440918 0.285645 0.0126953 0.000976562 0.0554472
0 0.346191 0.684082 0.0146484 0.0107422 0.0554757
0 0.696777 0.26123 0.00878906 0.00292969 0.0554977
0 0.73584 0.105957 0.00878906 0.00292969 0.0557501
0 0.198242 0.0249023 0.0136719 0.0107422 0.0558286
0 0.242676 0.637695 0.00488281 0.0078125 0.0560358
0 0.443359 0.376953 0.0117188 0.00195312 0.0561403
0 0.577148 0.101074 0.0136719 0.00292969 0.056213
0 0.256836 0.419434 0.0117188 0.00292969 0.0563063
0 0.256836 0.38623 0.00976562 0.00292969 0.0563294
0 0.63916 0.065918 0.0126953 0.00292969 0.0565372
0 0.700684 0.878906 0.00878906 0.00390625 0.0567137
0 0.575195 0.133789 0.0117188 0.00390625 0.0574282
0 0.571777 0.313965 0.00878906 0.00292969 0.0574385
0 0.72168 0.633301 0.0078125 0.00292969 0.0576356
0 0.699707 0.137207 0.00878906 0.00292969 0.0577137
0 0.577637 0.0693359 0.0107422 0.00390625 0.058106
0 0.189453 0.166504 0.00976562 0.000976562 0.0582508
0 0.629395 0.758301 0.00878906 0.00292969 0.0586186
0 0.697266 0.233398 0.00976562 0.00195312 0.0588165
0 0.246094 0.609863 0.00390625 0.00878906 0.0590317
0 0.404297 0.556641 0.015625 0.00976562 0.0592088
0 0.285645 0.787598 0.0107422 0.000976562 0.0595275
0 0.477051 0.882812 0.0107422 0.00390625 0.0596748
0 0.722656 0.602539 0.0078125 0.00195312 0.0598341
0 0.257812 0.852051 0.00976562 0.00292969 0.0600257
0 0.605469 0.0693359 0.0117188 0.00390625 0.0603197
0 0.72168 0.734375 0.00976562 0.00195312 0.0603559
0 0.285156 0.384766 0.0117188 0.00195312 0.06095
0 0.372559 0.699219 0.00878906 0.00195312 0.0614119
0 0.689453 0.729492 0.00976562 0.00195312 0.0616135
0 0.283203 0.758301 0.0117188 0.000976562 0.0619149
0 0.69043 0.69873 0.00976562 0.00292969 0.0620628
0 0.706543 0.0395508 0.00878906 0.00292969 0.0622209
0 0.254883 0.930664 0.0214844 0.00390625 0.0624389
0 0.603516 0.10498 0.0136719 0.00292969 0.062451
0 0.34082 0.702637 0.00976562 0.000976562 0.0629867
0 0.0673828 0.299316 0.00976562 0.00292969 0.0631444
0 0.382324 0.726562 0.00292969 0 0.0646526
0 0.722168 0.668945 0.00878906 0.00195312 0.0652462
0 0.699707 0.104004 0.0107422 0.00292969 0.0663392
0 0.198242 0.0146484 0.00585938 0.00976562 0.0668218
0 0.336914 0.674805 0.00976562 0.00195312 0.0681921
0 0.701172 0.0742188 0.0078125 0.00390625 0.0693651
0 0.884766 0.407715 0.0175781 0.0107422 0.0705746
0 0.0639648 0.330566 0.00878906 0.00292969 0.0711079
0 0.853027 0.377441 0.000976562 0.0107422 0.0711801
0 0.719238 0.701172 0.00878906 0.00195312 0.0773563
0 0.230957 0.0214844 0.0166016 0.0117188 0.079838
0 0.374512 0.683105 0.0185547 0.00878906 0.0814015
