0 0.73291 0.848633 0.00683594 0.00195312 0.0500062
0 0.160156 0.814453 0.0078125 0.00390625 0.0500502
0 0.473145 0.322266 0.0126953 0.00195312 0.0500524
0 0.162598 0.255371 0.0126953 0.000976562 0.050061
0 0.444824 0.814453 0.0107422 0.00195312 0.0501261
0 0.411133 0.595703 0.00976562 0.00195312 0.0501403
0 0.251465 0.385742 0.0107422 0.00195312 0.0501737
0 0.327148 0.0766602 0.00976562 0.00292969 0.0501905
0 0.566406 0.316895 0.0136719 0.000976562 0.0504141
0 0.538086 0.625977 0.00976562 0.00195312 0.0504739
0 0.695801 0.470215 0.00878906 0.00292969 0.0504916
0 0.220215 0.141602 0.00878906 0.00195312 0.0504934
0 0.0708008 0.412598 0.0126953 0.00292969 0.0505417
0 0.0986328 0.444336 0.00976562 0.00195312 0.0505581
0 0.288574 0.783691 0.0107422 0.000976562 0.0506612
0 0.70166 0.134277 0.00878906 0.00292969 0.0506923
0 0.331543 0.0415039 0.00878906 0.00292969 0.0507252
0 0.507812 0.75 0.0117188 0.00195312 0.0507526
0 0.190918 0.349609 0.00488281 0.00390625 0.0508596
0 0.703125 0.101074 0.0078125 0.00292969 0.050889
0 0.696777 0.625 0.0107422 0.00195312 0.0509045
0 0.471191 0.291016 0.0146484 0.00195312 0.0509485
0 0.226074 0.601562 0.00878906 0.00195312 0.0509741
0 0.730957 0.879883 0.00878906 0.00195312 0.0510165
0 0.531738 0.230957 0.0126953 0.000976562 0.0510388
0 0.696289 0.533691 0.0078125 0.00292969 0.0512587
0 0.441895 0.5625 0.0107422 0.00195312 0.0513724
0 0.478516 0.114258 0.0078125 0.00195312 0.0514115
0 0.53418 0.319336 0.0136719 0.00195312 0.0514132
0 0.5625 0.246582 0.0253906 0.00878906 0.0515056
0 0.760254 0.283203 0.00878906 0.00195312 0.0515138
0 0.380371 0.625977 0.0107422 0.00195312 0.0517354
0 0.727051 0.441406 0.00683594 0.00195312 0.0517834
0 0.729004 0.816406 0.00683594 0.00195312 0.0518126
0 0.382324 0.782715 0.0107422 0.000976562 0.0518145
0 0.0703125 0.291016 0.0078125 0.00195312 0.0518373
0 0.471191 0.264648 0.0126953 0.00195312 0.0520855
0 0.595703 0.256348 0.0117188 0.000976562 0.0521367
0 0.257324 0.697266 0.00683594 0.00195312 0.0521667
0 0.597656 0.224609 0.0117188 0.00195312 0.0522367
0 0.697266 0.50293 0.0078125 0.00390625 0.0522441
0 0.0776367 0.913086 0.0126953 0.00390625 0.0522671
0 0.282715 0.449219 0.0107422 0.00195312 0.0523304
0 0.602051 0.686523 0.0107422 0.00195312 0.0524802
0 0.227051 0.569336 0.0107422 0.00195312 0.0525001
0 0.415527 0.716797 0.0126953 0.00195312 0.0525069
0 0.511719 0.655762 0.00976562 0.00292969 0.0525719
0 0.383301 0.55957 0.0126953 0.00195312 0.0525978
0 0.255859 0.665527 0.0078125 0.00292969 0.0526289
0 0.269531 0.0390625 0.00976562 0.00195312 0.0526482
0 0.477051 0.501953 0.0107422 0.00195312 0.0526571
0 0.509766 0.501953 0.00976562 0.00195312 0.0526904
0 0.0844727 0.0717773 0.00878906 0.00292969 0.0527263
0 0.319336 0.756348 0.00976562 0.000976562 0.0527316
0 0.413574 0.81543 0.0107422 0.00195312 0.0527772
0 0.189453 0.415527 0.0136719 0.000976562 0.0528078
0 0.0478516 0.916016 0.0117188 0.00195312 0.0528777
0 0.602539 0.719727 0.00976562 0.00195312 0.0529921
0 0.0708008 0.510254 0.0107422 0.00292969 0.0530236
0 0.312988 0.414551 0.0107422 0.000976562 0.0530502
0 0.443359 0.236328 0.0117188 0.00195312 0.053059
0 0.728516 0.224609 0.00976562 0.00195312 0.0531073
0 0.501953 0.288086 0.0136719 0.00195312 0.0531254
0 0.411621 0.561523 0.0107422 0.00195312 0.053132
0 0.477539 0.78125 0.0117188 0.00195312 0.053137
0 0.694336 0.814453 0.0078125 0.00195312 0.0531431
0 0.218262 0.418457 0.0107422 0.000976562 0.0531848
0 0.380859 0.751465 0.0117188 0.000976562 0.0532125
0 0.0766602 0.883301 0.0107422 0.00292969 0.0532145
0 0.562988 0.288086 0.0126953 0 0.0533303
0 0.257324 0.142578 0.0166016 0.0078125 0.0534528
0 0.288086 0.536133 0.0117188 0.00195312 0.0534761
0 0.478027 0.75 0.0107422 0.00195312 0.0535144
0 0.0742188 0.85498 0.00976562 0.00488281 0.0536439
0 0.291016 0.107422 0.00976562 0.00195312 0.0537337
0 0.380859 0.59375 0.00976562 0.00195312 0.0539398
0 0.480957 0.078125 0.00683594 0.00195312 0.0539571
0 0.758789 0.751953 0.0078125 0.00195312 0.0539749
0 0.41748 0.113281 0.00878906 0.00195312 0.0541285
0 0.570801 0.752441 0.0107422 0.000976562 0.0541514
0 0.415039 0.781738 0.0117188 0.000976562 0.0541696
0 0.445801 0.75 0.0107422 0.00195312 0.0542871
0 0.250488 0.352539 0.0107422 0.00195312 0.0542995
0 0.104004 0.569824 0.0107422 0.00292969 0.0543282
0 0.539551 0.65625 0.0107422 0.00195312 0.0543922
0 0.72998 0.596191 0.00878906 0.000976562 0.0543985
0 0.282715 0.416992 0.0107422 0.00195312 0.0544938
0 0.216309 0.107422 0.00878906 0.00195312 0.0545457
0 0.0761719 0.569336 0.0117188 0.00390625 0.0545765
0 0.419922 0.0805664 0.0078125 0.00292969 0.05464
0 0.29834 0.0429688 0.00878906 0.00195312 0.0546878
0 0.477539 0.471191 0.00976562 0.00292969 0.0548056
0 0.632324 0.717773 0.0107422 0.00195312 0.0548295
0 0.695801 0.655762 0.0107422 0.00292969 0.0548331
0 0.250488 0.418945 0.0107422 0.00195312 0.0548524
0 0.729004 0.536133 0.00683594 0.00195312 0.0549395
0 0.256348 0.634766 0.00878906 0.00195312 0.0549439
0 0.502441 0.260742 0.0126953 0.00195312 0.0549661
0 0.183594 0.35498 0.0117188 0.000976562 0.0550035
0 0.223145 0.445312 0.0107422 0.00195312 0.0551117
0 0.0717773 0.539062 0.0107422 0.00195312 0.0551253
0 0.730469 0.410645 0.0078125 0.00292969 0.0551846
0 0.506836 0.410156 0.0117188 0.00195312 0.0552381
0 0.476074 0.716797 0.0107422 0.00195312 0.0553111
0 0.0957031 0.875977 0.0175781 0.00976562 0.0554078
0 0.352051 0.784668 0.0107422 0.000976562 0.0554969
0 0.600098 0.781738 0.0126953 0.000976562 0.0555748
0 0.508789 0.441895 0.0117188 0.000976562 0.0556196
0 0.319824 0.690918 0.00878906 0.000976562 0.0557771
0 0.294434 0.0771484 0.00878906 0.00195312 0.0558126
0 0.285645 0.505371 0.0126953 0.00292969 0.0558658
0 0.699707 0.191406 0.00878906 0.00390625 0.0559111
0 0.101074 0.476562 0.00878906 0.00195312 0.0560113
0 0.250488 0.319336 0.0126953 0.00195312 0.0561512
0 0.445801 0.781738 0.0126953 0.000976562 0.0562746
0 0.252441 0.448242 0.0107422 0.00195312 0.0564188
0 0.693359 0.718262 0.00976562 0.00292969 0.0564747
0 0.254395 0.479492 0.0107422 0.00195312 0.0566079
0 0.26416 0.0737305 0.00878906 0.00292969 0.0567777
0 0.320312 0.784668 0.00976562 0.000976562 0.0568105
0 0.444824 0.716797 0.0107422 0.00195312 0.0568129
0 0.532715 0.26123 0.0107422 0.000976562 0.056914
0 0.350098 0.753418 0.0107422 0.000976562 0.0572526
0 0.452637 0.0810547 0.00683594 0.00195312 0.057413
0 0.631836 0.686523 0.00976562 0.00195312 0.057611
0 0.695801 0.6875 0.0107422 0.00390625 0.0576655
0 0.286621 0.567383 0.0107422 0.00195312 0.0577361
0 0.218262 0.34375 0.0224609 0.00585938 0.058066
0 0.761719 0.689941 0.0078125 0.00292969 0.0584034
0 0.257324 0.603516 0.00878906 0.00195312 0.0584784
0 0.728027 0.316895 0.00878906 0.00292969 0.058678
0 0.532227 0.288574 0.0136719 0.000976562 0.0589462
0 0.728516 0.785156 0.0078125 0.00195312 0.0591818
0 0.729004 0.254883 0.00878906 0.00195312 0.0592032
0 0.730469 0.348633 0.00976562 0.00195312 0.0592461
0 0.698242 0.347168 0.0117188 0.00292969 0.0595467
0 0.470703 0.236328 0.0117188 0.00195312 0.059693
0 0.102051 0.507812 0.00878906 0.00195312 0.059805
0 0.698242 0.37793 0.0117188 0.00195312 0.060082
0 0.562012 0.26123 0.0107422 0.000976562 0.0607853
0 0.694336 0.783203 0.00976562 0.00195312 0.0610407
0 0.509766 0.686035 0.00976562 0.00292969 0.0610497
0 0.102539 0.538574 0.00976562 0.00292969 0.0612069
0 0.728027 0.473633 0.00683594 0.00195312 0.0613873
0 0.351562 0.720215 0.0117188 0.000976562 0.0614867
0 0.258301 0.541992 0.0107422 0.00195312 0.0614914
0 0.570801 0.686035 0.0107422 0.00292969 0.0615952
0 0.508789 0.471191 0.00976562 0.00292969 0.0616999
0 0.731934 0.380371 0.00878906 0.00292969 0.0618482
0 0.563477 0.22998 0.0117188 0.000976562 0.0620611
0 0.696777 0.224609 0.00878906 0.00195312 0.0623747
0 0.538574 0.719727 0.0107422 0.00195312 0.0626157
0 0.728027 0.506348 0.00683594 0.00292969 0.0626912
0 0.693848 0.751465 0.0107422 0.000976562 0.0628213
0 0.256836 0.571777 0.00976562 0.00292969 0.0639531
0 0.539062 0.686035 0.0117188 0.00292969 0.0640448
0 0.568848 0.71875 0.0107422 0.00195312 0.0645872
0 0.257812 0.508301 0.00976562 0.00292969 0.0647566
0 0.729004 0.28418 0.00878906 0.00195312 0.0650241
0 0.759766 0.720215 0.0078125 0.000976562 0.0651236
0 0.697266 0.314941 0.00976562 0.00292969 0.0653505
0 0.505859 0.718262 0.00976562 0.00292969 0.0654799
0 0.695801 0.254883 0.00878906 0.00195312 0.0660272
0 0.222168 0.123047 0.0126953 0.00976562 0.0660722
0 0.00634766 0.486328 0.0107422 0.00195312 0.0668655
0 0.726074 0.755371 0.00878906 0.000976562 0.0674262
0 0.697266 0.283203 0.00976562 0.00195312 0.0683193
0 0.730469 0.625488 0.00976562 0.00292969 0.0683356
0 0.730469 0.657227 0.00976562 0.00390625 0.0691542
0 0.251953 0.120117 0.0175781 0.00585938 0.0732686
0 0.731445 0.687012 0.00976562 0.00292969 0.0785541
0 0.728516 0.720703 0.00976562 0.00195312 0.0823177
