0 0.540527 0.84668 0.0126953 0.00195312 0.0500503
0 0.910645 0.539062 0.0107422 0.00195312 0.0500687
0 0.199219 0.946777 0.0078125 0.00292969 0.0501499
0 0.229492 0.435547 0.0136719 0.00195312 0.0501728
0 0.165527 0.944824 0.00683594 0.00292969 0.0501946
0 0.755371 0.756348 0.00878906 0.000976562 0.0502056
0 0.227051 0.375977 0.0107422 0.00195312 0.0502107
0 0.696777 0.187988 0.0146484 0.000976562 0.0503756
0 0.688477 0.481445 0.0136719 0.00195312 0.050383
0 0.317871 0.787598 0.0107422 0.000976562 0.0504123
0 0.756348 0.388184 0.0107422 0.000976562 0.0504505
0 0.569824 0.506348 0.0126953 0.000976562 0.0504565
0 0.627441 0.45166 0.0126953 0.000976562 0.0504702
0 0.79248 0.0996094 0.000976562 0.00195312 0.050498
0 0.256836 0.464844 0.0136719 0.00195312 0.0505529
0 0.513672 0.0639648 0.00585938 0.00488281 0.0506371
0 0.477051 0.474121 0.00878906 0.00292969 0.0506521
0 0.449707 0.908203 0.0126953 0.00195312 0.0506671
0 0.971191 0.0600586 0.00878906 0.00292969 0.0507131
0 0.132324 0.946289 0.00878906 0.00195312 0.0507234
0 0.787598 0.316406 0.0107422 0 0.0507344
0 0.508789 0.878906 0.0136719 0.00195312 0.0507412
0 0.798828 0.0908203 0.00390625 0.00195312 0.0507568
0 0.47168 0.787109 0.0117188 0.00195312 0.0508257
0 0.536621 0.814941 0.0126953 0.000976562 0.0508787
0 0.126465 0.730469 0.00878906 0.00195312 0.0508882
0 0.79541 0.940918 0.0107422 0.00292969 0.0508971
0 0.981934 0.782715 0.00878906 0.000976562 0.0508986
0 0.508301 0.413086 0.00878906 0.00195312 0.0509947
0 0.289062 0.464844 0.0136719 0.00390625 0.0509951
0 0.225586 0.342773 0.0078125 0.00195312 0.0510026
0 0.599121 0.287598 0.0107422 0.000976562 0.0510269
0 0.816895 0.314941 0.0107422 0.000976562 0.0510319
0 0.656738 0.387207 0.0107422 0.000976562 0.0510514
0 0.266113 0.849121 0.0107422 0.00292969 0.0510576
0 0.781738 0.727051 0.0107422 0.000976562 0.0511381
0 0.194336 0.436035 0.0117188 0.000976562 0.0511865
0 0.946289 0.719238 0.00976562 0.000976562 0.0512548
0 0.727539 0.12793 0.015625 0 0.051257
0 0.568848 0.633301 0.0126953 0.000976562 0.0513944
0 0.631836 0.509277 0.0136719 0.000976562 0.0513973
0 0.633301 0.254395 0.0126953 0.000976562 0.0514212
0 0.378906 0.788574 0.0117188 0.000976562 0.0514482
0 0.951172 0.780273 0.0117188 0.00195312 0.051478
0 0.194336 0.465332 0.0117188 0.000976562 0.0514878
0 0.820801 0.220215 0.0146484 0.000976562 0.05155
0 0.983398 0.03125 0.015625 0 0.05155
0 0.324707 0.875488 0.0146484 0.000976562 0.0515671
0 0.759766 0.22168 0.0136719 0 0.0515862
0 0.508789 0.475098 0.00976562 0.000976562 0.0516485
0 0.852539 0.249023 0.0136719 0 0.0517954
0 0.784668 0.696777 0.0107422 0.000976562 0.051821
0 0.348633 0.595703 0.0117188 0.00195312 0.0520335
0 0.349121 0.624512 0.0126953 0.00292969 0.0520566
0 0.287109 0.657227 0.0117188 0.00390625 0.0520909
0 0.687988 0.510742 0.0146484 0.00195312 0.052134
0 0.320312 0.44043 0.0117188 0.00390625 0.052136
0 0.663574 0.663574 0.0126953 0.000976562 0.0521549
0 0.408203 0.789551 0.0117188 0.000976562 0.0523651
0 0.82373 0.0395508 0.0126953 0.000976562 0.0523664
0 0.156738 0.694336 0.00878906 0.00195312 0.0524025
0 0.480957 0.876953 0.0146484 0.00195312 0.0524364
0 0.688477 0.427246 0.0117188 0.000976562 0.0524996
0 0.634766 0.817383 0.0117188 0.00195312 0.0526911
0 0.882812 0.752441 0.0117188 0.000976562 0.0527493
0 0.763184 0.852051 0.00878906 0.00292969 0.0527593
0 0.755859 0.129883 0.015625 0 0.0527805
0 0.00488281 0.954102 0.00976562 0.00390625 0.0528238
0 0.955566 0.0913086 0.00488281 0.000976562 0.0529065
0 0.814453 0.542969 0.0078125 0.00195312 0.0529622
0 0.851562 0.312988 0.0136719 0.000976562 0.0529739
0 0.266113 0.910645 0.0107422 0.00292969 0.0529982
0 0.963379 0.115234 0.00488281 0.00195312 0.0530336
0 0.0732422 0.97998 0.0078125 0.00488281 0.0530511
0 0.291992 0.43457 0.0136719 0.00390625 0.0530841
0 0.815918 0.418945 0.0107422 0.00195312 0.0530852
0 0.812988 0.576172 0.00878906 0.00195312 0.0531007
0 0.656738 0.481934 0.0146484 0.000976562 0.0531272
0 0.816895 0.451172 0.00878906 0.00195312 0.0531456
0 0.599121 0.320801 0.0107422 0.000976562 0.0531507
0 0.416504 0.878418 0.0146484 0.000976562 0.0531878
0 0.883301 0.633301 0.00878906 0.000976562 0.0532115
0 0.507812 0.505371 0.00976562 0.000976562 0.0532155
0 0.664551 0.250488 0.0146484 0.000976562 0.0532452
0 0.31543 0.756348 0.0117188 0.000976562 0.0532833
0 0.597656 0.450684 0.00976562 0.000976562 0.0532859
0 0.983887 0.752441 0.00878906 0.000976562 0.0532982
0 0.266113 0.403809 0.0126953 0.00292969 0.053332
0 0.628906 0.481934 0.0136719 0.000976562 0.0534393
0 0.912598 0.0322266 0.0146484 0 0.0534679
0 0.947754 0.378418 0.0146484 0.000976562 0.0534973
0 0.677246 0.0283203 0.0146484 0.00195312 0.0535148
0 0.882324 0.249512 0.0146484 0.000976562 0.0536616
0 0.510742 0.349609 0.00976562 0.00195312 0.0536899
0 0.506348 0.816895 0.0107422 0.00292969 0.0537874
0 0.659668 0.726074 0.0107422 0.000976562 0.053797
0 0.564941 0.758301 0.0107422 0.000976562 0.0538041
0 0.317383 0.563965 0.00976562 0.00292969 0.0538714
0 0.970215 0.0126953 0.00878906 0.00195312 0.0540112
0 0.76123 0.883301 0.00878906 0.00292969 0.0540595
0 0.797363 0.0473633 0.00683594 0.00292969 0.0541807
0 0.26709 0.879395 0.0126953 0.00292969 0.0542139
0 0.916016 0.783203 0.00976562 0.00195312 0.0542141
0 0.790039 0.282715 0.0117188 0.000976562 0.0542486
0 0.956055 0.106934 0.00585938 0.000976562 0.0542647
0 0.285645 0.497559 0.0107422 0.00292969 0.0543722
0 0.384766 0.879395 0.0136719 0.000976562 0.0544082
0 0.315918 0.59668 0.0107422 0.00195312 0.0544195
0 0.882324 0.0947266 0.0126953 0 0.0544233
0 0.914062 0.750488 0.0117188 0.000976562 0.0544938
0 0.879395 0.0327148 0.0126953 0.000976562 0.0545177
0 0.947266 0.686523 0.00976562 0.00195312 0.0545262
0 0.819824 0.250977 0.0146484 0 0.0545283
0 0.816895 0.483398 0.00878906 0.00195312 0.0545446
0 0.952148 0.749512 0.0136719 0.000976562 0.0545987
0 0.919434 0.281738 0.0146484 0.000976562 0.0546516
0 0.160156 0.563477 0.00976562 0.00195312 0.0546856
0 0.354492 0.87793 0.0136719 0.00195312 0.05476
0 0.944336 0.567871 0.00976562 0.000976562 0.0549003
0 0.912598 0.0961914 0.0126953 0.000976562 0.0550681
0 0.507324 0.381348 0.00878906 0.000976562 0.0550979
0 0.734375 0.942871 0.00976562 0.00292969 0.0551953
0 0.285645 0.689941 0.0107422 0.00292969 0.0552092
0 0.633301 0.786621 0.0107422 0.000976562 0.0552625
0 0.26416 0.432617 0.0126953 0.00195312 0.0552646
0 0.751465 0.45459 0.00878906 0.00292969 0.0552984
0 0.910645 0.508301 0.0126953 0.000976562 0.0553018
0 0.695312 0.788086 0.00976562 0.00195312 0.055337
0 0.952637 0 0.0166016 0 0.0553514
0 0.880859 0.571777 0.00976562 0.000976562 0.0553542
0 0.913086 0.601074 0.00976562 0.000976562 0.055358
0 0.324707 0.0625 0.00683594 0.00390625 0.0553754
0 0.963379 0.124023 0.00488281 0.00390625 0.0554418
0 0.852051 0.345215 0.0126953 0.000976562 0.0554496
0 0.500977 0.758301 0.0117188 0.000976562 0.0554544
0 0.729492 0.823242 0.00976562 0.00195312 0.0554843
0 0.533203 0.692383 0.0136719 0.00195312 0.0555485
0 0.262695 0.820801 0.00976562 0.00292969 0.0556179
0 0.637695 0.845703 0.0136719 0.00195312 0.0557094
0 0.319336 0.626953 0.0117188 0.00390625 0.0557314
0 0.780762 0.0942383 0.000976562 0.00683594 0.0557637
0 0.664062 0.353027 0.0117188 0.000976562 0.0558435
0 0.824707 0.0668945 0.0126953 0.000976562 0.0558981
0 0.631348 0.353516 0.0107422 0 0.0559283
0 0.910156 0.569824 0.00976562 0.000976562 0.0559863
0 0.759766 0.253418 0.0136719 0.000976562 0.0561232
0 0.881836 0.603027 0.00976562 0.000976562 0.0561852
0 0.816895 0.283691 0.0126953 0.000976562 0.0562068
0 0.598145 0.757324 0.0107422 0.000976562 0.056209
0 0.663086 0.316895 0.0136719 0.000976562 0.0563474
0 0.948242 0.0292969 0.015625 0 0.0563754
0 0.883789 0.282227 0.0136719 0 0.0563919
0 0.53125 0.727051 0.0117188 0.000976562 0.0564057
0 0.877441 0.408203 0.0146484 0 0.0565415
0 0.32959 0.03125 0.00683594 0.00390625 0.0566547
0 0.941895 0.535645 0.00878906 0.000976562 0.0568392
0 0.257812 0.279785 0.00585938 0.00292969 0.0569391
0 0.717285 0.482422 0.0107422 0.00195312 0.0571489
0 0.953613 0.0131836 0.00878906 0.000976562 0.0571525
0 0.629883 0.600098 0.0136719 0.000976562 0.0571852
0 0.573242 0.845215 0.0117188 0.000976562 0.0571892
0 0.287598 0.626953 0.0107422 0.00390625 0.0572041
0 0.569824 0.816406 0.0107422 0.00195312 0.0572308
0 0.881348 0.509766 0.0126953 0.00195312 0.0572527
0 0.790527 0.250977 0.0146484 0 0.0572619
0 0.948242 0.59668 0.00976562 0.00195312 0.0573146
0 0.535645 0.660156 0.0146484 0.00195312 0.057354
0 0.880371 0.128906 0.0146484 0 0.0573975
0 0.161621 0.531738 0.00878906 0.000976562 0.0574901
0 0.978027 0.538574 0.00683594 0.000976562 0.0576472
0 0.255371 0.598145 0.0107422 0.00292969 0.0576637
0 0.84668 0.0947266 0.0136719 0 0.0576797
0 0.78418 0.509766 0.00976562 0.00195312 0.0577259
0 0.688965 0.605957 0.0146484 0.000976562 0.0578801
0 0.62793 0.571777 0.0136719 0.000976562 0.0579529
0 0.636719 0.876465 0.0136719 0.000976562 0.057958
0 0.255371 0.533203 0.0107422 0.00195312 0.0580357
0 0.693848 0.220703 0.0146484 0 0.0580757
0 0.955566 0.182129 0.000976562 0.00878906 0.0581997
0 0.255371 0.566406 0.00878906 0.00195312 0.0583134
0 0.563965 0.727051 0.0107422 0.000976562 0.0583205
0 0.949707 0.625977 0.00878906 0.00195312 0.0585113
0 0.697754 0.663574 0.0107422 0.000976562 0.0585167
0 0.955566 0.17334 0.000976562 0.00878906 0.0585847
0 0.821289 0.0942383 0.0136719 0.000976562 0.0587936
0 0.659668 0.509277 0.0146484 0.000976562 0.0588127
0 0.962891 0.141113 0.00195312 0.00488281 0.0590275
0 0.786621 0.666504 0.0107422 0.000976562 0.0590764
0 0.253906 0.691406 0.00976562 0.00195312 0.0591147
0 0.720215 0.540527 0.0146484 0.000976562 0.0591516
0 0.878906 0.444824 0.015625 0.000976562 0.059154
0 0.6875 0.391602 0.0117188 0.00195312 0.0592294
0 0.962402 0.0214844 0.00488281 0.00195312 0.0592395
0 0.508301 0.848633 0.0126953 0.00195312 0.0592439
0 0.53125 0.759277 0.0117188 0.000976562 0.0592445
0 0.784668 0.633301 0.0107422 0.000976562 0.059258
0 0.846191 0.416016 0.0146484 0 0.0592597
0 0.603516 0.875488 0.0136719 0.000976562 0.0593079
0 0.288574 0.313965 0.00683594 0.00292969 0.0594035
0 0.632324 0.283203 0.0126953 0 0.0594207
0 0.631836 0.539551 0.0136719 0.000976562 0.0595989
0 0.284668 0.532715 0.0107422 0.00292969 0.0597637
0 0.631348 0.316895 0.0126953 0.000976562 0.0598942
0 0.601074 0.817383 0.0107422 0.00195312 0.059942
0 0.601074 0.631836 0.0126953 0.00195312 0.0599471
0 0.947754 0.0454102 0.00488281 0.000976562 0.0600393
0 0.695312 0.755371 0.00976562 0.000976562 0.0601721
0 0.911621 0.406738 0.0146484 0.000976562 0.0601736
0 0.6875 0.57373 0.0136719 0.000976562 0.0602175
0 0.686523 0.541504 0.015625 0.000976562 0.0602735
0 0.731445 0.248535 0.015625 0.000976562 0.060375
0 0.645508 0.0297852 0.015625 0.000976562 0.0605602
0 0.503906 0.787598 0.00976562 0.000976562 0.0606573
0 0.693359 0.724121 0.0117188 0.000976562 0.0607223
0 0.694824 0.353027 0.0126953 0.000976562 0.0607362
0 0.567871 0.785645 0.0107422 0.000976562 0.0608175
0 0.946289 0.0131836 0.0078125 0.000976562 0.0608791
0 0.911621 0.441895 0.0146484 0.000976562 0.0610069
0 0.631348 0.664062 0.0126953 0.00195312 0.0611124
0 0.605957 0.844727 0.0126953 0.00195312 0.0611501
0 0.628418 0.724121 0.0107422 0.000976562 0.0611633
0 0.661621 0.631348 0.0126953 0.000976562 0.0611809
0 0.287598 0.377441 0.00878906 0.00292969 0.0611873
0 0.534668 0.786621 0.0107422 0.000976562 0.0611939
0 0.259766 0.378418 0.00976562 0.00292969 0.0612044
0 0.287109 0.345215 0.0078125 0.00292969 0.0612303
0 0.75293 0.728516 0.00976562 0.00195312 0.0612655
0 0.898926 0.000488281 0.00878906 0.000976562 0.0612948
0 0.846191 0.449707 0.0146484 0.000976562 0.0613951
0 0.286133 0.564453 0.00976562 0.00195312 0.0616641
0 0.662598 0.279297 0.0146484 0 0.0618401
0 0.946777 0.441895 0.0126953 0.000976562 0.0618675
0 0.479492 0.849609 0.0136719 0.00195312 0.0621363
0 0.72168 0.571777 0.0136719 0.000976562 0.0621713
0 0.659668 0.694336 0.0107422 0.00195312 0.0623433
0 0.56543 0.694336 0.0136719 0.00195312 0.0623754
0 0.285645 0.59668 0.0107422 0.00390625 0.062558
0 0.941895 0.0654297 0.0146484 0 0.0625692
0 0.727051 0.757812 0.0107422 0.00195312 0.0626327
0 0.848633 0.0644531 0.0117188 0 0.0627818
0 0.932129 0.0205078 0.00683594 0 0.0630745
0 0.954102 0.15625 0.00195312 0.00390625 0.0631048
0 0.947266 0.132324 0.00390625 0.00292969 0.0632272
0 0.880371 0.477051 0.0146484 0.000976562 0.0632467
0 0.726562 0.791016 0.00976562 0.00195312 0.0632668
0 0.850098 0.280273 0.0126953 0 0.0633869
0 0.285156 0.250488 0.00585938 0.00292969 0.0636211
0 0.786621 0.419434 0.0107422 0.00292969 0.0636598
0 0.754395 0.633301 0.0107422 0.000976562 0.0637754
0 0.932129 0.0366211 0.00683594 0.000976562 0.0638008
0 0.720703 0.391113 0.0117188 0.000976562 0.0638194
0 0.911621 0.474121 0.0146484 0.000976562 0.0638973
0 0.963379 0.132324 0.00292969 0.00488281 0.0639131
0 0.880859 0.065918 0.0117188 0.000976562 0.063914
0 0.939453 0.0126953 0.00976562 0 0.0639141
0 0.782227 0.601562 0.0136719 0.00195312 0.0641346
0 0.844727 0.483887 0.0136719 0.000976562 0.0642516
0 0.720215 0.425781 0.0107422 0.00195312 0.0642908
0 0.783691 0.575195 0.0107422 0.00195312 0.0645531
0 0.805664 0.0854492 0.00390625 0.00488281 0.0646605
0 0.947266 0.0209961 0.00390625 0.000976562 0.065197
0 0.65918 0.539551 0.015625 0.000976562 0.0652412
0 0.599121 0.663574 0.0126953 0.00292969 0.0653356
0 0.75 0.603027 0.0136719 0.000976562 0.0656183
0 0.748047 0.571289 0.0136719 0.00195312 0.0656204
0 0.724609 0.35498 0.0117188 0.000976562 0.0657129
0 0.757324 0.282715 0.0126953 0.000976562 0.0657911
0 0.754395 0.318848 0.0107422 0.000976562 0.0659892
0 0.567871 0.661133 0.0146484 0.00195312 0.0661299
0 0.596191 0.696289 0.0126953 0.00195312 0.0662329
0 0.947266 0.408691 0.0136719 0.000976562 0.0662708
0 0.731445 0.853516 0.0117188 0.00195312 0.0663152
0 0.693848 0.633301 0.0126953 0.000976562 0.0663998
0 0.932617 0.027832 0.00585938 0.000976562 0.0664404
0 0.755859 0.695801 0.00976562 0.000976562 0.0666286
0 0.905273 0.065918 0.0117188 0.000976562 0.0666567
0 0.600098 0.786621 0.0107422 0.000976562 0.06672
0 0.95459 0.0219727 0.00488281 0.000976562 0.0668213
0 0.791504 0.0913086 0.00292969 0.00292969 0.0676298
0 0.943848 0.506348 0.0107422 0.000976562 0.0678449
0 0.963867 0.0283203 0.00390625 0.00195312 0.0678479
0 0.282715 0.723633 0.0107422 0.00195312 0.0679036
0 0.730469 0.914551 0.00976562 0.00292969 0.0679486
0 0.256348 0.344238 0.00878906 0.00292969 0.0679619
0 0.730957 0.882812 0.0107422 0.00195312 0.0680645
0 0.694336 0.692871 0.0117188 0.000976562 0.0681567
0 0.947266 0.13916 0.00390625 0.00292969 0.0681767
0 0.258301 0.312012 0.00683594 0.00292969 0.0683818
0 0.695801 0.248535 0.0146484 0.000976562 0.0686007
0 0.971191 0.0214844 0.00488281 0.00195312 0.0689327
0 0.963379 0.0458984 0.00488281 0.00195312 0.0694823
0 0.948242 0.0283203 0.00390625 0 0.069957
0 0.630859 0.631836 0.0117188 0.00195312 0.069974
0 0.75293 0.538574 0.0117188 0.000976562 0.0707304
0 0.628418 0.693359 0.0107422 0.00195312 0.0708254
0 0.284668 0.756836 0.0107422 0.00195312 0.0713167
0 0.255859 0.759766 0.00976562 0.00195312 0.0713463
0 0.778809 0.0898438 0.00292969 0.0078125 0.071461
0 0.757324 0.665039 0.0107422 0.00195312 0.0716827
0 0.943359 0.474121 0.0117188 0.000976562 0.0719199
0 0.718262 0.454102 0.0107422 0.00195312 0.0721431
0 0.252441 0.725586 0.0107422 0.00195312 0.0721729
0 0.596191 0.726562 0.0107422 0.00195312 0.0723208
0 0.939941 0.0205078 0.00683594 0 0.0727715
0 0.75293 0.422852 0.00976562 0.00195312 0.0730618
0 0.257812 0.791992 0.00976562 0.00195312 0.0732603
0 0.796387 0.0839844 0.00683594 0.00390625 0.0737446
0 0.972168 0.0283203 0.00488281 0.00195312 0.0739036
0 0.955566 0.114746 0.00488281 0.000976562 0.0740585
0 0.726074 0.727051 0.0107422 0.000976562 0.0744506
0 0.780273 0.546875 0.00976562 0.00195312 0.074481
0 0.722168 0.60498 0.0126953 0.000976562 0.0745034
0 0.955566 0.0463867 0.00292969 0.000976562 0.0748321
0 0.285645 0.789062 0.0107422 0.00195312 0.0764535
0 0.727539 0.668457 0.0117188 0.000976562 0.0777422
0 0.955566 0.0288086 0.00488281 0.000976562 0.0790865
0 0.97168 0.0454102 0.00585938 0.00292969 0.079249
0 0.724609 0.635254 0.0117188 0.000976562 0.0800218
0 0.955566 0.123047 0.00488281 0.00195312 0.0811072
0 0.954102 0.164551 0.00195312 0.00683594 0.0814041
0 0.939941 0.027832 0.00488281 0.000976562 0.0818797
0 0.695801 0.314941 0.0146484 0.000976562 0.0831527
0 0.955078 0.147949 0.00390625 0.00292969 0.0833946
0 0.788574 0.0854492 0.00683594 0.00488281 0.0854545
0 0.727051 0.697266 0.0126953 0.00195312 0.0856499
0 0.696289 0.277832 0.0136719 0.000976562 0.0867579
0 0.939453 0.0366211 0.00585938 0.000976562 0.0873044
0 0.947754 0.0375977 0.00488281 0.000976562 0.0895522
0 0.727539 0.317383 0.0136719 0 0.0935671
0 0.729004 0.280273 0.0146484 0 0.0990862
0 0.955566 0.132324 0.00292969 0.00488281 0.0997314
0 0.955078 0.139648 0.00390625 0.00390625 0.108863
0 0.955566 0.0380859 0.00488281 0.00195312 0.117606
0 0.963379 0.0380859 0.00488281 0.00195312 0.124917
0 0.97168 0.0375977 0.00585938 0.00292969 0.125827
