0 0.280762 0.0175781 0.0107422 0.00390625 0.050027
0 0.723145 0.384277 0.0126953 0.000976562 0.050049
0 0.288086 0.440918 0.0117188 0.00488281 0.0501015
0 0.664062 0.813477 0.00976562 0.00195312 0.0502009
0 0.948242 0.720703 0.0078125 0.00195312 0.050245
0 0.411621 0.257812 0.0107422 0.00195312 0.0503041
0 0.347656 0.753906 0.0117188 0 0.0503134
0 0.542969 0.908203 0.0136719 0.00195312 0.0503503
0 0.226074 0.59668 0.0107422 0.00195312 0.0503597
0 0.57959 0.0664062 0.0126953 0.00195312 0.0503776
0 0.757812 0.449219 0.0117188 0.00195312 0.0504539
0 0.256836 0.8125 0.0117188 0.00195312 0.0504825
0 0.634766 0.227539 0.0117188 0.00195312 0.0504995
0 0.724121 0.416016 0.0126953 0.00195312 0.0506
0 0.225098 0.750977 0.00878906 0 0.050605
0 0.947754 0.750488 0.00683594 0.000976562 0.0506372
0 0.445801 0.942383 0.0107422 0.00195312 0.0506689
0 0.283203 0.0439453 0.0136719 0.00390625 0.050826
0 0.787109 0.782715 0.00976562 0.000976562 0.0508264
0 0.57373 0.196289 0.0107422 0.00195312 0.0508468
0 0.163574 0.0825195 0.0107422 0.0107422 0.0508909
0 0.50293 0.753906 0.00976562 0.00195312 0.0510121
0 0.780273 0.339844 0.015625 0.00976562 0.0510222
0 0.613281 0.0654297 0.0117188 0.00195312 0.0510793
0 0.274902 0.00195312 0.00683594 0.00195312 0.051081
0 0.975586 0.519531 0.0136719 0.00585938 0.0513238
0 0.253906 0.189941 0.0195312 0.0107422 0.0513444
0 0.353516 0.943848 0.00976562 0.00292969 0.0513811
0 0.882324 0.750488 0.00878906 0.000976562 0.0513943
0 0.254883 0.661621 0.0117188 0.000976562 0.0515818
0 0.79541 0.910156 0.0107422 0.00195312 0.0517813
0 0.698242 0.164551 0.0117188 0.00292969 0.0519334
0 0.917969 0.688965 0.00976562 0.00292969 0.0520016
0 0.756348 0.752441 0.00683594 0.000976562 0.052024
0 0.919922 0.628418 0.0117188 0.00292969 0.0520334
0 0.635254 0.879395 0.0107422 0.00292969 0.0521541
0 0.764648 0.910156 0.00976562 0.00195312 0.0522067
0 0.536133 0.754883 0.00976562 0.00195312 0.0522439
0 0.638672 0.129883 0.0117188 0.00195312 0.0522456
0 0.252441 0.536621 0.0107422 0.00292969 0.0522748
0 0.577637 0.129395 0.0107422 0.00292969 0.0522827
0 0.384277 0.943848 0.0107422 0.00292969 0.0524486
0 0.226074 0.779785 0.0107422 0.000976562 0.0524641
0 0.701172 0.942871 0.00976562 0.00292969 0.0525804
0 0.755859 0.234863 0.00976562 0.000976562 0.0528403
0 0.442871 0.257324 0.0107422 0.000976562 0.0528842
0 0.664551 0.723145 0.0107422 0.000976562 0.0529134
0 0.612305 0.0966797 0.0117188 0.00195312 0.0529159
0 0.134277 0.687988 0.0126953 0.000976562 0.0529186
0 0.161133 0.748535 0.0117188 0.000976562 0.052947
0 0.723145 0.447266 0.0126953 0.00195312 0.0529698
0 0.730469 0.168945 0.00976562 0.00195312 0.0530256
0 0.666016 0.879395 0.00976562 0.00292969 0.0531162
0 0.194336 0.750488 0.0117188 0.000976562 0.0531426
0 0.757324 0.723633 0.00683594 0.00195312 0.0531876
0 0.985352 0.602051 0.0078125 0.00292969 0.0532461
0 0.348145 0.721191 0.0126953 0.000976562 0.0533053
0 0.953125 0.687012 0.00976562 0.00292969 0.0534411
0 0.735352 0.943359 0.0078125 0.00195312 0.0535472
0 0.287109 0.691406 0.0117188 0.00195312 0.0535476
0 0.444336 0.228027 0.00976562 0.000976562 0.0535623
0 0.569824 0.721191 0.0107422 0.000976562 0.0535764
0 0.538574 0.722168 0.0107422 0.000976562 0.0535958
0 0.981445 0.516602 0.0078125 0.00195312 0.0537751
0 0.440918 0.753906 0.00878906 0.00195312 0.0539213
0 0.285645 0.811523 0.0126953 0.00195312 0.0540239
0 0.548828 0.0708008 0.00976562 0.00292969 0.0540879
0 0.571777 0.22998 0.0107422 0.000976562 0.0541312
0 0.669434 0.129883 0.0126953 0.00195312 0.0541535
0 0.347168 0.783691 0.0126953 0.000976562 0.0542556
0 0.287109 0.409668 0.0117188 0.00292969 0.0542939
0 0.28125 0.352539 0.0117188 0.00195312 0.0543597
0 0.758301 0.8125 0.00878906 0.00195312 0.054372
0 0.57373 0.163574 0.0107422 0.00292969 0.0543827
0 0.257812 0.628906 0.0117188 0.00195312 0.0550377
0 0.87793 0.325684 0.00976562 0.00292969 0.0550913
0 0.760742 0.84375 0.0117188 0.00195312 0.055217
0 0.849121 0.324707 0.0107422 0.00292969 0.0554211
0 0.505859 0.722168 0.0117188 0.000976562 0.0554621
0 0.379883 0.782715 0.0117188 0.000976562 0.0555525
0 0.0268555 0.177246 0.00488281 0.00292969 0.0559352
0 0.632812 0.785156 0.00976562 0.00195312 0.0559699
0 0.0644531 0.179199 0.0175781 0.0126953 0.0560628
0 0.254883 0.692871 0.0117188 0.000976562 0.0560772
0 0.0698242 0.263672 0.0126953 0.00195312 0.0565385
0 0.729492 0.202148 0.0117188 0.00195312 0.0565677
0 0.547852 0.102051 0.0117188 0.00292969 0.0566054
0 0.696777 0.69043 0.0107422 0.00195312 0.0568128
0 0.64502 0.0371094 0.00878906 0.00195312 0.0569437
0 0.600098 0.783691 0.00878906 0.000976562 0.0571194
0 0.161133 0.779785 0.0117188 0.000976562 0.0571387
0 0.224121 0.628906 0.0107422 0.00195312 0.0572947
0 0.28418 0.381836 0.0117188 0.00195312 0.057385
0 0.257324 0.597168 0.0107422 0.00292969 0.0574466
0 0.222656 0.720215 0.0117188 0.000976562 0.0575465
0 0.69873 0.911621 0.0107422 0.00292969 0.0576711
0 0.537598 0.230957 0.0107422 0.000976562 0.0577667
0 0.76123 0.876953 0.0126953 0.00195312 0.0577756
0 0.443359 0.720703 0.00976562 0.00195312 0.0582485
0 0.729004 0.692383 0.00878906 0.00195312 0.0582661
0 0.755371 0.783691 0.00878906 0.000976562 0.0582865
0 0.724609 0.23291 0.0117188 0.000976562 0.0584349
0 0.472168 0.75293 0.00878906 0.00195312 0.0585074
0 0.733398 0.913086 0.0117188 0.00195312 0.0585715
0 0.474121 0.909668 0.0126953 0.000976562 0.0586827
0 0.912109 0.571289 0.0117188 0.00195312 0.0587957
0 0.473633 0.720215 0.00976562 0.000976562 0.0588991
0 0.381836 0.229004 0.0117188 0.000976562 0.0590412
0 0.766602 0.0703125 0.00976562 0.00195312 0.0590756
0 0.719238 0.289551 0.0126953 0.000976562 0.0592492
0 0.0654297 0.232422 0.00976562 0.00195312 0.059385
0 0.541016 0.165527 0.00976562 0.00292969 0.0594992
0 0.314941 0.723633 0.0126953 0 0.0596255
0 0.880371 0.297363 0.0107422 0.00292969 0.0597526
0 0.22168 0.69043 0.0117188 0.00195312 0.0598068
0 0.194824 0.781738 0.0126953 0.000976562 0.0598637
0 0.756348 0.317383 0.00488281 0.00585938 0.0604993
0 0.670898 0.0986328 0.0117188 0.00195312 0.060604
0 0.696777 0.844727 0.0107422 0.00195312 0.0606619
0 0.545898 0.132812 0.00976562 0.00195312 0.060823
0 0.539551 0.19873 0.0107422 0.000976562 0.0611638
0 0.640625 0.0986328 0.0117188 0.00195312 0.0615646
0 0.759277 0.139648 0.00878906 0.00195312 0.0617387
0 0.25 0.291016 0.0117188 0.00195312 0.0618463
0 0.644043 0.0678711 0.0107422 0.00292969 0.0620808
0 0.673828 0.0390625 0.00976562 0.00195312 0.0622041
0 0.696777 0.135254 0.0107422 0.00292969 0.0622549
0 0.317871 0.0229492 0.00878906 0.0107422 0.0623479
0 0.694336 0.813965 0.00976562 0.00292969 0.0623603
0 0.413574 0.227051 0.0107422 0.000976562 0.0629258
0 0.220703 0.660156 0.0117188 0.00195312 0.0632914
0 0.666016 0.752441 0.00976562 0.000976562 0.0633223
0 0.940918 0.518066 0.00878906 0.000976562 0.0633495
0 0.0595703 0.17334 0.00585938 0.00292969 0.063391
0 0.470215 0.883301 0.0107422 0.00292969 0.0635736
0 0.760742 0.105469 0.00976562 0.00195312 0.0638526
0 0.250977 0.256836 0.0117188 0.00195312 0.0646329
0 0.768555 0.0390625 0.00976562 0.00195312 0.0649608
0 0.674316 0.0693359 0.0107422 0.00195312 0.0649623
0 0.316895 0.75293 0.0107422 0 0.0667918
0 0.944824 0.57373 0.0107422 0.000976562 0.0678269
0 0.697266 0.876953 0.0117188 0.00195312 0.0679542
0 0.69873 0.100586 0.0107422 0.00195312 0.0683961
0 0.910645 0.543945 0.0107422 0.00195312 0.0686677
0 0.738281 0.0390625 0.00976562 0.00195312 0.0689705
0 0.0654297 0.205078 0.00585938 0.00195312 0.069419
0 0.726562 0.814453 0.00976562 0.00195312 0.0696777
0 0.729492 0.845703 0.0117188 0.00195312 0.0697322
0 0.705566 0.0390625 0.00878906 0.00195312 0.0703135
0 0.70459 0.0703125 0.0107422 0.00195312 0.0703633
0 0.664062 0.78418 0.00976562 0.00195312 0.0709735
0 0.726562 0.140625 0.00976562 0.00195312 0.0717691
0 0.28125 0.259766 0.0117188 0.00195312 0.0719681
0 0.735352 0.0732422 0.00976562 0.00195312 0.072241
0 0.283691 0.722656 0.0107422 0 0.0725269
0 0.730957 0.879395 0.0126953 0.000976562 0.0738974
0 0.253418 0.723145 0.0107422 0.000976562 0.0744228
0 0.0351562 0.204102 0.0078125 0.00195312 0.074933
0 0.726562 0.752441 0.0078125 0.000976562 0.0753343
0 0.285156 0.751465 0.00976562 0.000976562 0.0753756
0 0.729004 0.106934 0.0107422 0.00292969 0.0755674
0 0.725586 0.784668 0.0078125 0.000976562 0.0762653
0 0.314941 0.781738 0.0126953 0.000976562 0.0771584
0 0.256348 0.780762 0.0126953 0.000976562 0.07806
0 0.253906 0.75293 0.00976562 0 0.078821
0 0.278809 0.29248 0.0107422 0.000976562 0.079626
0 0.728027 0.723633 0.00878906 0.00195312 0.0809267
0 0.284668 0.779785 0.0126953 0.000976562 0.0819785
0 0.695801 0.719727 0.0107422 0.00195312 0.0841644
0 0.979004 0.54834 0.00878906 0.000976562 0.0854325
0 0.98291 0.576172 0.00878906 0.00195312 0.0854434
0 0.694336 0.750488 0.00976562 0.000976562 0.0885841
0 0.692871 0.783203 0.00878906 0.00195312 0.0902695
0 0.948242 0.54834 0.00976562 0.000976562 0.0930787
0 0.288574 0.00244141 0.00878906 0.00488281 0.117264
