0 0.878906 0.283691 0.0117188 0.000976562 0.050051
0 0.754883 0.819824 0.0078125 0.00292969 0.0500753
0 0.689453 0.819824 0.00976562 0.00292969 0.0500923
0 0.962891 0.732422 0.00195312 0.0078125 0.050125
0 0.225586 0.134277 0.0117188 0.000976562 0.0501358
0 0.100586 0.506836 0.00976562 0.00195312 0.0501502
0 0.100098 0.352539 0.00878906 0.00195312 0.0501564
0 0.251465 0.809082 0.0146484 0.00878906 0.0501816
0 0.22168 0.789062 0.00976562 0.00195312 0.0502173
0 0.346191 0.900879 0.00878906 0.00683594 0.0502275
0 0.217773 0.666504 0.0117188 0.000976562 0.0502762
0 0.349121 0.436035 0.0126953 0.000976562 0.0502828
0 0.741211 0.034668 0.0117188 0.00292969 0.0502969
0 0.447754 0.158691 0.0126953 0.000976562 0.0503557
0 0.0810547 0.0375977 0.0078125 0.000976562 0.0503913
0 0.376953 0.755859 0.00976562 0.00195312 0.0504402
0 0.956055 0.211426 0.00390625 0.00292969 0.0504464
0 0.94043 0.147461 0.00195312 0.00390625 0.050454
0 0.565918 0.725098 0.00878906 0.000976562 0.0504773
0 0.22168 0.695312 0.00976562 0.00195312 0.0505051
0 0.661133 0.255371 0.0117188 0.000976562 0.050539
0 0.626465 0.693848 0.0107422 0.000976562 0.0505542
0 0.255371 0.880371 0.0126953 0.00292969 0.0506836
0 0.497559 0.813477 0.0185547 0.00585938 0.0507054
0 0.253906 0.567383 0.0078125 0.00195312 0.0507771
0 0.675781 0.0341797 0.0117188 0.00195312 0.0508241
0 0.510254 0.313477 0.00878906 0.00390625 0.0508984
0 0.686523 0.813477 0.0195312 0.0078125 0.0509239
0 0.275391 0.819824 0.0136719 0.00488281 0.0509362
0 0.533203 0.845703 0.015625 0.0078125 0.0509609
0 0.222168 0.727539 0.0107422 0.00195312 0.0509858
0 0.227539 0.376465 0.0078125 0.000976562 0.0510182
0 0.250488 0.633301 0.0107422 0.000976562 0.0510398
0 0.708496 0.0336914 0.0107422 0.00292969 0.051089
0 0.972168 0.188965 0.00488281 0.00683594 0.051097
0 0.111328 0.0385742 0.00976562 0.000976562 0.0511284
0 0.296387 0.0673828 0.0107422 0.00195312 0.0511773
0 0.955566 0.193359 0.00292969 0.0078125 0.0511958
0 0.327637 0.0673828 0.0107422 0.00195312 0.0512329
0 0.3125 0.724121 0.00976562 0.000976562 0.0513529
0 0.349609 0.46875 0.0117188 0 0.051392
0 0.157715 0.287109 0.00878906 0 0.0514306
0 0.786621 0.951172 0.00878906 0.00390625 0.0514872
0 0.751953 0.599609 0.0117188 0.00195312 0.0514954
0 0.572754 0.22168 0.0107422 0.00195312 0.0515278
0 0.0976562 0.478516 0.00976562 0.00195312 0.0515445
0 0.466309 0.813965 0.0205078 0.00488281 0.0515501
0 0.0395508 0.44873 0.00878906 0.00292969 0.0516198
0 0.40625 0.603027 0.015625 0.000976562 0.0516225
0 0.158203 0.318848 0.0078125 0.000976562 0.051712
0 0.781738 0.51709 0.00292969 0.00878906 0.0517852
0 0.535645 0.379395 0.00878906 0.00292969 0.0518861
0 0.628906 0.286133 0.0117188 0.00195312 0.0519307
0 0.41748 0.0405273 0.0126953 0.000976562 0.0519621
0 0.695312 0.754395 0.00976562 0.000976562 0.0519843
0 0.445312 0.311523 0.00976562 0.00195312 0.0519925
0 0.597168 0.350586 0.00878906 0.00195312 0.0520768
0 0.443848 0.751465 0.00878906 0.000976562 0.0520844
0 0.629395 0.317383 0.00878906 0.00195312 0.0521337
0 0.12793 0.355469 0.0078125 0.00195312 0.0521347
0 0.594727 0.693848 0.00976562 0.000976562 0.0521658
0 0.448242 0.129883 0.0136719 0.00195312 0.0521662
0 0.507812 0.378418 0.00976562 0.00292969 0.0521665
0 0.658203 0.725098 0.00976562 0.000976562 0.0521689
0 0.564453 0.691895 0.00976562 0.000976562 0.0521746
0 0.658691 0.692383 0.0107422 0.00195312 0.0522216
0 0.749512 0.845703 0.0185547 0.0117188 0.0522702
0 0.221191 0.624023 0.0185547 0.00976562 0.0522801
0 0.451172 0.0673828 0.0136719 0.00195312 0.0523915
0 0.477539 0.312988 0.00976562 0.00292969 0.0524417
0 0.374512 0.595215 0.0166016 0.000976562 0.0524941
0 0.752441 0.946289 0.00878906 0.00195312 0.0525281
0 0.694824 0.78418 0.00878906 0.00195312 0.0526085
0 0.725098 0.346191 0.0126953 0.00292969 0.0526154
0 0.573242 0.19043 0.0117188 0.00195312 0.0527431
0 0.949219 0.346191 0.015625 0.000976562 0.0527452
0 0.955078 0.558594 0.00195312 0.00585938 0.0527575
0 0.53418 0.412109 0.0078125 0.00195312 0.0527852
0 0.790039 0.221191 0.0136719 0.000976562 0.0528001
0 0.297363 0.0380859 0.0107422 0.00195312 0.0528217
0 0.382812 0.0380859 0.0136719 0.00195312 0.0528871
0 0.0375977 0.478516 0.00878906 0.00195312 0.0528877
0 0.570801 0.252441 0.00878906 0.00292969 0.0528996
0 0.317383 0.253418 0.0117188 0.000976562 0.0529435
0 0.912109 0.405762 0.015625 0.000976562 0.0529854
0 0.311523 0.793457 0.0136719 0.00488281 0.0530513
0 0.501953 0.786133 0.00976562 0.00195312 0.0530579
0 0.144531 0.0351562 0.00976562 0.00195312 0.0531569
0 0.483887 0.0351562 0.0107422 0.00195312 0.0531727
0 0.351562 0.373047 0.0117188 0.00195312 0.0531925
0 0.955078 0.239258 0.00195312 0.00585938 0.0533002
0 0.539062 0.133301 0.0117188 0.000976562 0.0533293
0 0.285645 0.469238 0.0107422 0.000976562 0.0533316
0 0.782227 0.901855 0.015625 0.0107422 0.0533488
0 0.69873 0.161133 0.0126953 0.00195312 0.0533976
0 0.191895 0.254395 0.0107422 0.000976562 0.0534412
0 0.730957 0.158691 0.0126953 0.000976562 0.0534933
0 0.625977 0.845703 0.0195312 0.0078125 0.0535079
0 0.691895 0.380371 0.0107422 0.00292969 0.0535099
0 0.725586 0.376953 0.0117188 0.00195312 0.0535239
0 0.952637 0.40625 0.0146484 0 0.0535819
0 0.518555 0.0332031 0.0117188 0.00195312 0.0536182
0 0.229492 0.346191 0.0078125 0.000976562 0.0536514
0 0.537598 0.282715 0.00878906 0.00292969 0.0536552
0 0.909668 0.253418 0.0126953 0.000976562 0.0536797
0 0.536133 0.724121 0.0078125 0.000976562 0.0537007
0 0.318359 0.280762 0.0117188 0.000976562 0.0537246
0 0.669922 0.129883 0.0117188 0.00195312 0.0537638
0 0.565918 0.315918 0.00683594 0.00292969 0.0537763
0 0.415527 0.160156 0.0126953 0.00195312 0.0537796
0 0.195312 0.349121 0.0078125 0.000976562 0.0537933
0 0.963867 0.19043 0.00585938 0.0078125 0.0539134
0 0.476562 0.345215 0.00976562 0.00292969 0.0539496
0 0.408203 0.635254 0.0136719 0.000976562 0.0539548
0 0.71875 0.842773 0.0175781 0.0117188 0.0539755
0 0.351074 0.3125 0.00878906 0.00195312 0.0540652
0 0.143555 0.0703125 0.0078125 0.00195312 0.05408
0 0.539062 0.753418 0.00976562 0.000976562 0.0541201
0 0.453125 0.0375977 0.0117188 0.00292969 0.0541699
0 0.883789 0.124512 0.015625 0.000976562 0.0542201
0 0.442871 0.28125 0.0107422 0.00195312 0.0542276
0 0.200684 0.101074 0.00878906 0.000976562 0.0542462
0 0.307129 0.754883 0.0126953 0.00195312 0.0542591
0 0.84668 0.285645 0.0117188 0.000976562 0.0543277
0 0.751465 0.976074 0.00878906 0.00292969 0.0543297
0 0.947754 0.212402 0.00292969 0.00292969 0.0543478
0 0.613281 0.0371094 0.00976562 0.00195312 0.0543712
0 0.499023 0.843262 0.015625 0.00878906 0.0543786
0 0.759766 0.222168 0.0136719 0.000976562 0.0543882
0 0.412109 0.223145 0.0117188 0.000976562 0.0543914
0 0.482422 0.0961914 0.0136719 0.000976562 0.0544088
0 0.293457 0.100098 0.0107422 0.000976562 0.0544231
0 0.75293 0.902344 0.0214844 0.00976562 0.0544369
0 0.536133 0.314941 0.0078125 0.00292969 0.0544762
0 0.310547 0.883301 0.015625 0.00292969 0.0544829
0 0.248535 0.821777 0.0107422 0.00292969 0.0545234
0 0.32373 0.100098 0.0107422 0.000976562 0.0546624
0 0.381836 0.130371 0.0136719 0.000976562 0.0547388
0 0.724609 0.854004 0.0117188 0.00292969 0.0547516
0 0.955566 0.550781 0.00292969 0.00585938 0.0548722
0 0.550293 0.0366211 0.0107422 0.00292969 0.0549765
0 0.226562 0.314941 0.0078125 0.000976562 0.0549856
0 0.378906 0.222168 0.0117188 0.000976562 0.055012
0 0.357422 0.0341797 0.0117188 0.00195312 0.055027
0 0.248535 0.66748 0.0107422 0.000976562 0.0550858
0 0.535156 0.347656 0.0078125 0.00195312 0.0552915
0 0.349121 0.281738 0.0107422 0.000976562 0.0553098
0 0.787598 0.252441 0.0126953 0.000976562 0.0554087
0 0.878418 0.252441 0.0126953 0.000976562 0.055504
0 0.256836 0.469727 0.00976562 0.00195312 0.0555995
0 0.655762 0.844727 0.0224609 0.00976562 0.055603
0 0.516602 0.0996094 0.0136719 0.00195312 0.0557258
0 0.466309 0.841797 0.0166016 0.0078125 0.0557974
0 0.756836 0.785645 0.0078125 0.000976562 0.0558566
0 0.321777 0.40332 0.0126953 0.00195312 0.0559171
0 0.673828 0.0664062 0.0117188 0.00195312 0.0560248
0 0.413574 0.312012 0.00878906 0.000976562 0.056025
0 0.818359 0.250488 0.0117188 0.000976562 0.0560322
0 0.414551 0.131836 0.0126953 0.00195312 0.0560579
0 0.601562 0.165039 0.0117188 0.00195312 0.0560617
0 0.759766 0.12793 0.0117188 0 0.0561804
0 0.509277 0.347168 0.00878906 0.00292969 0.056198
0 0.692383 0.285645 0.0117188 0.000976562 0.0563049
0 0.671875 0.0996094 0.0117188 0.00195312 0.0563252
0 0.538086 0.784668 0.00976562 0.000976562 0.0563709
0 0.343262 0.824707 0.0146484 0.00683594 0.0564011
0 0.285156 0.162598 0.015625 0.000976562 0.05641
0 0.348633 0.187988 0.0136719 0.000976562 0.0566045
0 0.580566 0.0361328 0.0107422 0.00195312 0.0566321
0 0.754395 0.285645 0.0126953 0.000976562 0.0566585
0 0.223145 0.253418 0.0107422 0.000976562 0.0568583
0 0.754883 0.723145 0.00976562 0.000976562 0.0569154
0 0.287598 0.132812 0.0126953 0.00195312 0.0569251
0 0.484375 0.0664062 0.0117188 0.00195312 0.0569577
0 0.948242 0.163574 0.00390625 0.00488281 0.057018
0 0.72168 0.541016 0.015625 0.00195312 0.0571014
0 0.193848 0.317871 0.00878906 0.000976562 0.0571054
0 0.342285 0.724121 0.0107422 0.000976562 0.057146
0 0.952148 0.313965 0.015625 0.000976562 0.0572343
0 0.353516 0.103516 0.00976562 0.00195312 0.0572541
0 0.760742 0.100098 0.00976562 0.000976562 0.0573297
0 0.309082 0.823242 0.0146484 0.00390625 0.0573745
0 0.22168 0.224609 0.0136719 0 0.0574118
0 0.281738 0.627441 0.0107422 0.000976562 0.0575106
0 0.75 0.915039 0.0117188 0.00390625 0.0575187
0 0.449219 0.0991211 0.0136719 0.000976562 0.0575196
0 0.304688 0.854492 0.015625 0.00390625 0.0575648
0 0.266113 0.0400391 0.0107422 0.00195312 0.0576037
0 0.316406 0.188477 0.015625 0.00195312 0.0576117
0 0.633301 0.164062 0.0126953 0.00195312 0.0576313
0 0.6875 0.844238 0.0195312 0.0107422 0.0577273
0 0.596191 0.318359 0.00878906 0.00195312 0.0577503
0 0.221191 0.754395 0.0107422 0.000976562 0.0577512
0 0.763184 0.56543 0.00878906 0.00976562 0.0578265
0 0.955566 0.134277 0.00292969 0.00488281 0.0580151
0 0.415527 0.0708008 0.0126953 0.000976562 0.0581162
0 0.640137 0.101562 0.0126953 0.00195312 0.0581243
0 0.439941 0.253418 0.0107422 0.000976562 0.0581501
0 0.629395 0.254395 0.0107422 0.000976562 0.0581536
0 0.175293 0.0336914 0.0107422 0.000976562 0.0583316
0 0.172363 0.0688477 0.00878906 0.000976562 0.0583319
0 0.783691 0.566406 0.0263672 0.00585938 0.058398
0 0.756348 0.253418 0.0126953 0.000976562 0.0584845
0 0.276367 0.755859 0.00976562 0.00195312 0.0585223
0 0.955566 0.205566 0.00488281 0.00292969 0.0585635
0 0.287598 0.4375 0.0107422 0.00195312 0.0585789
0 0.705566 0.0664062 0.0107422 0.00195312 0.0586421
0 0.726074 0.787598 0.00878906 0.000976562 0.0588408
0 0.663086 0.191406 0.0117188 0.00195312 0.0588788
0 0.785156 0.929688 0.0117188 0.00976562 0.0588949
0 0.355957 0.0693359 0.0107422 0.00195312 0.0589214
0 0.954102 0.043457 0.00195312 0.00292969 0.0590006
0 0.602539 0.222656 0.00976562 0.00195312 0.0590663
0 0.600586 0.253418 0.00976562 0.00292969 0.0591073
0 0.691406 0.724121 0.00976562 0.000976562 0.0592669
0 0.284668 0.189941 0.0166016 0.000976562 0.0594514
0 0.223633 0.283691 0.00976562 0.000976562 0.0595974
0 0.756348 0.755371 0.00878906 0.000976562 0.0596181
0 0.20459 0.0361328 0.0107422 0.00195312 0.0596478
0 0.191406 0.287109 0.00976562 0 0.0596983
0 0.722656 0.692383 0.0117188 0.00195312 0.059746
0 0.851562 0.250488 0.0117188 0.000976562 0.0597494
0 0.254883 0.162598 0.0136719 0.000976562 0.0597809
0 0.318848 0.310059 0.0107422 0.000976562 0.059808
0 0.950684 0.282715 0.0146484 0.000976562 0.0598107
0 0.343262 0.756348 0.0107422 0.00292969 0.0599022
0 0.643066 0.0366211 0.0107422 0.00292969 0.0599506
0 0.568848 0.283691 0.00878906 0.00292969 0.0600961
0 0.963379 0.140137 0.00292969 0.00683594 0.060142
0 0.599121 0.284668 0.00878906 0.00292969 0.0601897
0 0.661133 0.223633 0.00976562 0.00195312 0.0602073
0 0.610352 0.0693359 0.00976562 0.00195312 0.0602486
0 0.729004 0.187988 0.0146484 0.000976562 0.0603922
0 0.351562 0.402344 0.0136719 0.00195312 0.0604295
0 0.352539 0.342773 0.00976562 0.00195312 0.0604493
0 0.320312 0.374023 0.0117188 0.00195312 0.0604871
0 0.280273 0.694336 0.00976562 0.00195312 0.0605205
0 0.316895 0.223145 0.0126953 0.000976562 0.0606241
0 0.318359 0.924316 0.015625 0.00292969 0.0606852
0 0.543945 0.103516 0.0117188 0.00195312 0.06072
0 0.383301 0.103027 0.0107422 0.000976562 0.06079
0 0.576172 0.102539 0.0136719 0.00195312 0.0608356
0 0.763184 0.0688477 0.00878906 0.000976562 0.0608805
0 0.249023 0.697266 0.00976562 0.00195312 0.0610266
0 0.256836 0.134277 0.0117188 0.000976562 0.0610297
0 0.280762 0.662598 0.0107422 0.000976562 0.0610707
0 0.382812 0.0078125 0.00976562 0.00390625 0.0610803
0 0.635742 0.131836 0.0117188 0.00195312 0.0613614
0 0.97168 0.180176 0.00390625 0.00683594 0.0614043
0 0.690918 0.69043 0.0107422 0.00195312 0.0614811
0 0.608887 0.102539 0.0126953 0.00195312 0.0614914
0 0.259277 0.436523 0.00878906 0.00195312 0.061608
0 0.602539 0.193359 0.0117188 0.00195312 0.0616156
0 0.641113 0.0693359 0.0107422 0.00195312 0.0616318
0 0.287109 0.250488 0.0117188 0.000976562 0.061785
0 0.571289 0.134766 0.0117188 0.00195312 0.0618094
0 0.51709 0.0664062 0.0126953 0.00195312 0.0619895
0 0.630859 0.194336 0.0117188 0.00195312 0.0620702
0 0.347168 0.223145 0.0126953 0.000976562 0.0624856
0 0.382812 0.0717773 0.0117188 0.000976562 0.0626303
0 0.723145 0.283691 0.0126953 0.000976562 0.0626978
0 0.73584 0.0683594 0.0107422 0.00195312 0.0629073
0 0.700684 0.130859 0.0107422 0.00195312 0.0629985
0 0.731934 0.132324 0.0107422 0.000976562 0.0632509
0 0.722656 0.315918 0.0117188 0.000976562 0.0633516
0 0.345703 0.253418 0.0117188 0.000976562 0.0633781
0 0.380371 0.282715 0.0107422 0.000976562 0.0633944
0 0.414551 0.103027 0.0126953 0.000976562 0.0635732
0 0.689453 0.255371 0.0117188 0.000976562 0.0638141
0 0.75293 0.317383 0.0117188 0.00195312 0.0638424
0 0.603516 0.135254 0.0117188 0.000976562 0.0641296
0 0.286133 0.22168 0.0136719 0 0.064283
0 0.963867 0.157227 0.00195312 0.00585938 0.0645199
0 0.54834 0.0698242 0.0107422 0.000976562 0.0647122
0 0.963867 0.180664 0.00390625 0.0078125 0.0647502
0 0.722168 0.254395 0.0126953 0.000976562 0.0648185
0 0.724121 0.725098 0.0107422 0.000976562 0.0650084
0 0.733398 0.103027 0.00976562 0.000976562 0.0651206
0 0.725586 0.756348 0.00976562 0.000976562 0.0652983
0 0.24707 0.730957 0.00976562 0.000976562 0.0653691
0 0.703125 0.0986328 0.00976562 0.00195312 0.0655666
0 0.261719 0.104004 0.00976562 0.000976562 0.0656947
0 0.376953 0.252441 0.0117188 0.000976562 0.0657032
0 0.630371 0.223633 0.0107422 0.00195312 0.0661174
0 0.963379 0.172363 0.00488281 0.00683594 0.0661297
0 0.246582 0.79248 0.0107422 0.00292969 0.0661576
0 0.725586 0.223145 0.0136719 0.000976562 0.0662184
0 0.288574 0.405273 0.0107422 0.00195312 0.066603
0 0.695801 0.190918 0.0126953 0.000976562 0.0666223
0 0.228027 0.105957 0.00878906 0.000976562 0.0667687
0 0.408203 0.253418 0.0117188 0.000976562 0.0670625
0 0.955566 0.139648 0.00292969 0.00390625 0.067101
0 0.69043 0.225098 0.0117188 0.000976562 0.0676514
0 0.256836 0.249512 0.0117188 0.000976562 0.0679942
0 0.579102 0.0683594 0.0117188 0.00195312 0.0680812
0 0.233398 0.0410156 0.00976562 0.00195312 0.0681604
0 0.27832 0.729004 0.00976562 0.000976562 0.068332
0 0.258301 0.407715 0.00878906 0.000976562 0.0685549
0 0.20459 0.0698242 0.0107422 0.000976562 0.0685656
0 0.288086 0.277832 0.0117188 0.000976562 0.068859
0 0.253418 0.188965 0.0146484 0.000976562 0.0694121
0 0.321289 0.342285 0.00976562 0.000976562 0.0700928
0 0.254883 0.223145 0.015625 0.000976562 0.0702175
0 0.265625 0.0712891 0.00976562 0.00195312 0.0707369
0 0.26123 0.311035 0.00878906 0.000976562 0.0708872
0 0.408691 0.28125 0.0107422 0.00195312 0.070946
0 0.289062 0.308594 0.00976562 0.00195312 0.0710167
0 0.963867 0.147949 0.00195312 0.00683594 0.0716522
0 0.290039 0.341797 0.00976562 0.00195312 0.0716852
0 0.257812 0.278809 0.0117188 0.000976562 0.0720326
0 0.263184 0.343262 0.00878906 0.000976562 0.0725154
0 0.352051 0.932617 0.00488281 0.0078125 0.0731093
0 0.963379 0.165527 0.00292969 0.00683594 0.0755001
0 0.247559 0.758789 0.0107422 0.00195312 0.0755213
0 0.955566 0.182617 0.00292969 0.0078125 0.0758869
0 0.287598 0.374023 0.0107422 0.00195312 0.0766129
0 0.258301 0.375 0.00878906 0.00195312 0.0788369
0 0.233398 0.0732422 0.00976562 0.00195312 0.0794107
0 0.323242 0.934082 0.00390625 0.00878906 0.0885299
0 0.956055 0.148438 0.00195312 0.00390625 0.0910496
0 0.956055 0.157227 0.00195312 0.00390625 0.0985995
0 0.956055 0.174316 0.00390625 0.00683594 0.106897
0 0.955566 0.166016 0.00292969 0.00585938 0.120724
