0 0.286621 0.479492 0.0107422 0.00390625 0.0500098
0 0.756836 0.848145 0.0214844 0.0107422 0.0500948
0 0.222656 0.897949 0.0175781 0.0126953 0.0501496
0 0.356445 0.217285 0.00976562 0.000976562 0.0501788
0 0.291016 0.247559 0.00976562 0.00292969 0.0502577
0 0.695312 0.533691 0.00976562 0.00292969 0.0503057
0 0.875488 0.288574 0.00683594 0.000976562 0.0503297
0 0.34668 0.631836 0.0117188 0.00195312 0.0503418
0 0.911133 0.413086 0.0078125 0.00195312 0.0503597
0 0.0864258 0.915527 0.0126953 0.00292969 0.0504509
0 0.484375 0.0986328 0.00976562 0.00195312 0.0504662
0 0.42041 0.311523 0.0107422 0.00195312 0.0504949
0 0.411621 0.633789 0.00878906 0.00195312 0.0505
0 0.848145 0.226562 0.0107422 0.00195312 0.0505365
0 0.879395 0.226074 0.00878906 0.000976562 0.0505382
0 0.573242 0.159668 0.0136719 0.000976562 0.0505907
0 0.602539 0.500977 0.00976562 0.00390625 0.0506288
0 0.421387 0.186035 0.0107422 0.000976562 0.0506548
0 0.453125 0.186523 0.00976562 0.00195312 0.0506801
0 0.54248 0.187988 0.0126953 0.000976562 0.0506914
0 0.251953 0.5625 0.0136719 0.00195312 0.0507352
0 0.416504 0.378906 0.0107422 0.00195312 0.0507691
0 0.104492 0.598145 0.0078125 0.00292969 0.0508428
0 0.445312 0.754883 0.0078125 0.00195312 0.0508614
0 0.602051 0.563477 0.0107422 0.00195312 0.0509267
0 0.602539 0.533691 0.00976562 0.00292969 0.0509452
0 0.291504 0.442871 0.0107422 0.00488281 0.0510531
0 0.106445 0.628418 0.0078125 0.00292969 0.0511015
0 0.703613 0.0654297 0.0107422 0.00195312 0.0511391
0 0.599609 0.661621 0.00976562 0.00292969 0.0511653
0 0.949707 0.439941 0.00878906 0.00292969 0.051169
0 0.486816 0.0664062 0.0107422 0.00195312 0.051196
0 0.438965 0.573242 0.00878906 0.00195312 0.0511999
0 0.541992 0.158203 0.0136719 0.00195312 0.0512525
0 0.850586 0.994629 0.0234375 0.0107422 0.051264
0 0.385254 0.937988 0.00488281 0.00683594 0.0513455
0 0.447754 0.28125 0.0107422 0.00195312 0.0513777
0 0.280273 0.599121 0.0136719 0.00292969 0.0513977
0 0.191895 0.855469 0.00878906 0.00390625 0.0514178
0 0.480469 0.218262 0.0117188 0.000976562 0.0514608
0 0.441406 0.543457 0.00976562 0.00292969 0.0515025
0 0.789062 0.195312 0.0117188 0.00195312 0.0515853
0 0.660156 0.381836 0.00976562 0.00195312 0.0516682
0 0.444824 0.666016 0.00878906 0.00390625 0.051688
0 0.512207 0.219238 0.0126953 0.000976562 0.0517047
0 0.689941 0.841797 0.0126953 0.00585938 0.0517624
0 0.351074 0.725586 0.00683594 0.00195312 0.0517874
0 0.570312 0.502441 0.00976562 0.00292969 0.0518059
0 0.765625 0.103516 0.00976562 0.00195312 0.0518141
0 0.572266 0.219727 0.0117188 0.00195312 0.0518261
0 0.87793 0.318848 0.0078125 0.000976562 0.0520442
0 0.255859 0.731445 0.0078125 0.00390625 0.0520838
0 0.482422 0.187012 0.0117188 0.000976562 0.052123
0 0.448242 0.444336 0.00976562 0.00390625 0.0522765
0 0.418945 0.219238 0.00976562 0.000976562 0.0523224
0 0.258789 0.380371 0.0078125 0.00292969 0.05236
0 0.29248 0.279785 0.00878906 0.00292969 0.0523811
0 0.814941 0.258789 0.0107422 0.00195312 0.0523931
0 0.40332 0.616211 0.0234375 0.0078125 0.0524096
0 0.568848 0.534668 0.0107422 0.00292969 0.0524639
0 0.599121 0.222168 0.0126953 0.000976562 0.0524813
0 0.26123 0.312988 0.00683594 0.00292969 0.0525694
0 0.443848 0.635254 0.00878906 0.00292969 0.0526043
0 0.786133 0.290039 0.00976562 0.00195312 0.0526369
0 0.448242 0.25 0.00976562 0.00195312 0.052637
0 0.0771484 0.563477 0.00976562 0.00390625 0.052693
0 0.630371 0.222656 0.0126953 0.00195312 0.0527636
0 0.660645 0.352539 0.0107422 0.00195312 0.0528511
0 0.882812 0.506348 0.0078125 0.00292969 0.0528878
0 0.569336 0.564453 0.00976562 0.00195312 0.0530353
0 0.875 0.258301 0.0078125 0.000976562 0.0530803
0 0.0839844 0.886719 0.0136719 0.00390625 0.0532117
0 0.354492 0.279785 0.00976562 0.00292969 0.0533507
0 0.543945 0.218262 0.0117188 0.000976562 0.0533769
0 0.450684 0.219238 0.0107422 0.000976562 0.0534074
0 0.290039 0.694824 0.0078125 0.00488281 0.0534555
0 0.755859 0.8125 0.015625 0.00976562 0.0535575
0 0.29248 0.312012 0.00878906 0.00292969 0.0536585
0 0.388672 0.218262 0.00976562 0.000976562 0.0536588
0 0.352539 0.248047 0.00976562 0.00195312 0.0538819
0 0.254883 0.631836 0.00976562 0.00195312 0.0539289
0 0.387207 0.28125 0.0107422 0.00195312 0.0539399
0 0.598145 0.630859 0.00878906 0.00195312 0.0539689
0 0.37207 0.572754 0.0078125 0.00292969 0.0539887
0 0.375 0.617188 0.0117188 0.0117188 0.0540067
0 0.0751953 0.595215 0.0078125 0.00292969 0.0540477
0 0.565918 0.631836 0.0107422 0.00195312 0.0540931
0 0.449219 0.3125 0.00976562 0.00195312 0.054105
0 0.322754 0.311523 0.00878906 0.00195312 0.0541394
0 0.635742 0.0664062 0.0117188 0.00195312 0.0541787
0 0.250488 0.597656 0.0126953 0.00195312 0.0542185
0 0.10498 0.565918 0.00683594 0.00292969 0.0542215
0 0.634277 0.131836 0.0146484 0.00195312 0.0542481
0 0.728516 0.164551 0.0117188 0.00292969 0.0543825
0 0.543457 0.130859 0.0146484 0.00195312 0.054471
0 0.566895 0.598145 0.00878906 0.000976562 0.0546236
0 0.850098 0.474609 0.00683594 0.00195312 0.0546576
0 0.446289 0.380859 0.00976562 0.00195312 0.0547531
0 0.668457 0.0991211 0.0126953 0.00292969 0.0547575
0 0.447266 0.413574 0.00976562 0.00292969 0.054828
0 0.692383 0.631348 0.00976562 0.00292969 0.0549556
0 0.320801 0.34375 0.00878906 0.00195312 0.0549686
0 0.658203 0.842285 0.0078125 0.00683594 0.0551512
0 0.288574 0.664062 0.00878906 0.00390625 0.055193
0 0.0771484 0.626465 0.00976562 0.00292969 0.0551961
0 0.416992 0.345215 0.00976562 0.00292969 0.0552133
0 0.769531 0.0366211 0.00976562 0.00292969 0.0552387
0 0.251953 0.868652 0.0195312 0.0107422 0.0553492
0 0.309082 0.537109 0.0126953 0.00390625 0.0553656
0 0.416992 0.249023 0.00976562 0.00195312 0.0555444
0 0.66748 0.12793 0.0146484 0.00195312 0.0557574
0 0.602051 0.133301 0.0146484 0.000976562 0.0557986
0 0.287109 0.728516 0.0078125 0.00390625 0.0562057
0 0.753418 0.387695 0.00878906 0.00195312 0.0562995
0 0.515137 0.0986328 0.0126953 0.00195312 0.0563097
0 0.755371 0.415039 0.00683594 0.00195312 0.0563973
0 0.57373 0.132324 0.0146484 0.000976562 0.0564928
0 0.737793 0.0366211 0.0107422 0.00292969 0.056607
0 0.318848 0.727051 0.00683594 0.00292969 0.0569015
0 0.753418 0.291992 0.00878906 0.00195312 0.0569661
0 0.255371 0.47998 0.0107422 0.00292969 0.0570718
0 0.725098 0.631836 0.00683594 0.00195312 0.0571299
0 0.633789 0.103027 0.0136719 0.00292969 0.0574657
0 0.257324 0.887695 0.00878906 0.00390625 0.0574776
0 0.517578 0.0673828 0.0117188 0.00195312 0.0574936
0 0.882324 0.475098 0.00683594 0.00292969 0.0575225
0 0.476074 0.250488 0.0107422 0.000976562 0.0576611
0 0.318848 0.664062 0.00878906 0.00390625 0.0577238
0 0.446289 0.34668 0.00976562 0.00195312 0.0577616
0 0.316406 0.632324 0.0117188 0.00292969 0.0579265
0 0.255371 0.757812 0.00683594 0.00195312 0.0579682
0 0.574707 0.100586 0.0126953 0.00195312 0.0579983
0 0.785645 0.260742 0.0107422 0.00195312 0.0581276
0 0.693359 0.50293 0.0078125 0.00390625 0.0582734
0 0.380371 0.724609 0.00683594 0.00195312 0.0582744
0 0.765625 0.0708008 0.0078125 0.00292969 0.0583713
0 0.350586 0.34668 0.00976562 0.00195312 0.0585707
0 0.598633 0.597656 0.0078125 0.00195312 0.058665
0 0.409668 0.693848 0.00683594 0.00292969 0.0587127
0 0.225098 0.915039 0.0107422 0.00390625 0.0588234
0 0.289551 0.18457 0.00878906 0.00195312 0.0588257
0 0.751953 0.325195 0.0078125 0.00195312 0.0588486
0 0.405762 0.584473 0.0263672 0.00683594 0.0589267
0 0.692871 0.563477 0.00878906 0.00195312 0.058938
0 0.547363 0.0664062 0.0107422 0.00195312 0.0589973
0 0.701172 0.0966797 0.0117188 0.00195312 0.0590559
0 0.441406 0.696289 0.0078125 0.00195312 0.0591694
0 0.574707 0.0683594 0.0126953 0.00195312 0.0592569
0 0.659668 0.288086 0.0107422 0.00195312 0.0593293
0 0.288574 0.344238 0.00878906 0.00292969 0.0594054
0 0.605469 0.0361328 0.0136719 0.00195312 0.0594342
0 0.695801 0.163574 0.0126953 0.00292969 0.0594866
0 0.259277 0.345215 0.00683594 0.00292969 0.0595413
0 0.279785 0.564941 0.0146484 0.000976562 0.0598853
0 0.753906 0.356934 0.00976562 0.000976562 0.0599647
0 0.69043 0.385254 0.00976562 0.000976562 0.0600368
0 0.698242 0.128906 0.0136719 0.00195312 0.0600419
0 0.222168 0.867676 0.0185547 0.0107422 0.060218
0 0.691895 0.598145 0.00878906 0.00292969 0.0602566
0 0.259277 0.445312 0.00878906 0.00390625 0.0604279
0 0.384766 0.249023 0.00976562 0.00195312 0.060498
0 0.73291 0.130371 0.0126953 0.000976562 0.0606316
0 0.190918 0.841309 0.0166016 0.00878906 0.0609659
0 0.373047 0.584473 0.0136719 0.00878906 0.0611004
0 0.72168 0.233887 0.00976562 0.00292969 0.0611436
0 0.65918 0.258789 0.00976562 0.00195312 0.0611795
0 0.751953 0.263672 0.00976562 0.00195312 0.0613497
0 0.755371 0.194824 0.0107422 0.00292969 0.0613728
0 0.65918 0.225586 0.00976562 0.00195312 0.0614772
0 0.659668 0.194336 0.0126953 0.00195312 0.0617628
0 0.69043 0.415039 0.0117188 0.00195312 0.0619383
0 0.602051 0.103027 0.0126953 0.000976562 0.061997
0 0.723633 0.387207 0.0078125 0.000976562 0.0623688
0 0.691406 0.354492 0.0117188 0.00195312 0.0625873
0 0.338379 0.583984 0.0205078 0.00585938 0.0625985
0 0.736328 0.0996094 0.0117188 0.00195312 0.0631965
0 0.375 0.606445 0.0078125 0.00195312 0.0632923
0 0.692871 0.44043 0.0107422 0.00195312 0.063394
0 0.225586 0.88916 0.00976562 0.00488281 0.0639324
0 0.65918 0.319336 0.00976562 0.00195312 0.0641632
0 0.382812 0.34668 0.00976562 0.00195312 0.064475
0 0.659668 0.873047 0.00878906 0.0078125 0.0647032
0 0.351562 0.3125 0.00976562 0.00195312 0.064898
0 0.38623 0.311523 0.0107422 0.00195312 0.0656329
0 0.734375 0.0678711 0.00976562 0.00292969 0.0657461
0 0.726074 0.540039 0.00878906 0.00195312 0.0659647
0 0.725586 0.600586 0.0078125 0.00195312 0.0659876
0 0.600586 0.0683594 0.0136719 0.00195312 0.0661116
0 0.724121 0.415039 0.00878906 0.00195312 0.0662733
0 0.197266 0.885742 0.0117188 0.00390625 0.0662982
0 0.440918 0.729004 0.00878906 0.000976562 0.0668418
0 0.312012 0.603516 0.0126953 0.00195312 0.0672584
0 0.725586 0.568359 0.0078125 0.00195312 0.0673015
0 0.689453 0.195801 0.0117188 0.00292969 0.0674891
0 0.691406 0.875 0.0117188 0.0078125 0.0680071
0 0.719238 0.266602 0.00878906 0.00195312 0.0685653
0 0.410156 0.725586 0.0078125 0.00195312 0.0687079
0 0.727051 0.476074 0.00878906 0.00292969 0.0687089
0 0.688477 0.321289 0.00976562 0.00195312 0.0699904
0 0.722656 0.35791 0.00976562 0.000976562 0.0700616
0 0.687988 0.261719 0.0107422 0.00195312 0.0704441
0 0.727051 0.442383 0.00878906 0.00195312 0.0740443
0 0.786133 0.231934 0.00976562 0.000976562 0.0743229
0 0.724121 0.507324 0.00878906 0.00292969 0.0750368
0 0.854004 0.989258 0.00878906 0.00390625 0.0753723
0 0.309082 0.567383 0.0126953 0.00195312 0.0762719
0 0.687012 0.291992 0.0107422 0.00195312 0.0765194
0 0.721191 0.197754 0.0107422 0.00292969 0.0772116
0 0.716309 0.327148 0.00878906 0.00195312 0.0782301
0 0.719727 0.293945 0.00976562 0.00195312 0.0799128
0 0.75293 0.232422 0.00976562 0.00195312 0.0816279
