0 0.632812 0.192871 0.0136719 0.000976562 0.0501291
0 0.410156 0.439453 0.00976562 0.00195312 0.0501388
0 0.924805 0.79541 0.0078125 0.00292969 0.0501786
0 0.918945 0.0307617 0.0136719 0.000976562 0.0502777
0 0.823242 0.124023 0.015625 0 0.0503406
0 0.94873 0.0952148 0.0146484 0.000976562 0.0503743
0 0.693359 0.408691 0.0117188 0.000976562 0.0504386
0 0.950195 0.65332 0.0136719 0 0.0504404
0 0.598633 0.6875 0.0117188 0 0.0504986
0 0.791016 0.585449 0.00585938 0.00292969 0.0505905
0 0.694336 0.80957 0.0136719 0 0.0507837
0 0.696289 0.310059 0.0117188 0.000976562 0.0509042
0 0.255371 0.597168 0.00878906 0.00292969 0.050913
0 0.568848 0.247559 0.0126953 0.000976562 0.0510053
0 0.667969 0.0698242 0.0117188 0.00292969 0.0510523
0 0.891113 0.337891 0.00488281 0.00390625 0.0510746
0 0.852539 0.775879 0.015625 0.000976562 0.0511037
0 0.904297 0.32666 0.00585938 0.00488281 0.0511205
0 0.603516 0.188965 0.0136719 0.000976562 0.0512101
0 0.26416 0.11084 0.00878906 0.00292969 0.0512357
0 0.954102 0.23877 0.00195312 0.00488281 0.051244
0 0.741699 0.0327148 0.0146484 0.000976562 0.0513338
0 0.916016 0.890625 0.00585938 0.00195312 0.051372
0 0.259766 0.441895 0.00976562 0.00292969 0.0514134
0 0.696289 0.277832 0.0136719 0.000976562 0.0514155
0 0.707031 0.0297852 0.015625 0.000976562 0.0514929
0 0.29541 0.0737305 0.00878906 0.00292969 0.0514978
0 0.286621 0.65625 0.0107422 0.00195312 0.0515976
0 0.76123 0.249512 0.0107422 0.000976562 0.0516154
0 0.927734 0.777832 0.015625 0.000976562 0.0516156
0 0.775391 0.0380859 0.0078125 0.00195312 0.0516805
0 0.265137 0.0786133 0.00683594 0.00292969 0.0516864
0 0.539551 0.0703125 0.0126953 0.00195312 0.0517123
0 0.915527 0.898438 0.00878906 0.00195312 0.0517201
0 0.506836 0.688965 0.0117188 0.000976562 0.0517229
0 0.283691 0.59375 0.0107422 0.00195312 0.0519077
0 0.799316 0.186523 0.00488281 0.00390625 0.0519117
0 0.94873 0.0634766 0.0146484 0.00195312 0.0519749
0 0.791504 0.162109 0.00683594 0.00195312 0.0520926
0 0.286133 0.5625 0.00976562 0.00195312 0.0521157
0 0.602051 0.138184 0.0126953 0.000976562 0.0521642
0 0.949219 0.809082 0.015625 0.000976562 0.0521892
0 0.342285 0.875488 0.0205078 0.00488281 0.0521997
0 0.260742 0.409668 0.0078125 0.00292969 0.0522127
0 0.661621 0.195801 0.0126953 0.000976562 0.052365
0 0.915039 0.774414 0.00585938 0.00390625 0.0523734
0 0.238281 0.0410156 0.00585938 0.00390625 0.0524332
0 0.349609 0.783691 0.00585938 0.000976562 0.0524379
0 0.691406 0.377441 0.0117188 0.000976562 0.052505
0 0.348145 0.750977 0.00683594 0.00195312 0.052519
0 0.256836 0.471191 0.00976562 0.00292969 0.0525437
0 0.793457 0.0932617 0.0166016 0.000976562 0.0527462
0 0.970703 0.0483398 0.00585938 0.00292969 0.0527966
0 0.603027 0.105469 0.00878906 0.00195312 0.0529586
0 0.662598 0.280273 0.0126953 0 0.0530504
0 0.290527 0.108398 0.0107422 0.00390625 0.0532765
0 0.255371 0.783691 0.00878906 0.00292969 0.0532865
0 0.502441 0.283203 0.00878906 0.00195312 0.0533277
0 0.634766 0.137207 0.0117188 0.000976562 0.053328
0 0.95166 0.0307617 0.0146484 0.000976562 0.0533909
0 0.952148 0.775879 0.015625 0.000976562 0.0534081
0 0.805664 0 0.0078125 0 0.0534082
0 0.731445 0.71875 0.0117188 0 0.0534121
0 0.769531 0.0297852 0.015625 0.000976562 0.0534445
0 0.915039 0.71875 0.0136719 0 0.0534645
0 0.379883 0.71875 0.0078125 0.00195312 0.0536647
0 0.663086 0.776855 0.0136719 0.000976562 0.0537016
0 0.665039 0.166016 0.0136719 0.00195312 0.053719
0 0.953613 0.248535 0.000976562 0.00488281 0.0538309
0 0.406738 0.224609 0.00878906 0.00195312 0.0538619
0 0.536621 0.247559 0.0126953 0.000976562 0.053965
0 0.666992 0.104492 0.0117188 0.00195312 0.0540134
0 0.869629 0.945312 0.00292969 0.00585938 0.0540301
0 0.286133 0.687012 0.0117188 0.00292969 0.0540356
0 0.468262 0.353516 0.0107422 0.00195312 0.0540558
0 0.758789 0.0961914 0.0136719 0.000976562 0.0541026
0 0.505859 0.779785 0.0136719 0.000976562 0.0541115
0 0.255859 0.234863 0.00976562 0.00292969 0.0543722
0 0.755371 0.50293 0.0126953 0 0.0544514
0 0.755371 0.437988 0.0107422 0.000976562 0.0547496
0 0.288086 0.816895 0.0078125 0.00292969 0.0548448
0 0.531738 0.282715 0.0107422 0.000976562 0.0549111
0 0.630371 0.280273 0.0126953 0 0.0549523
0 0.473633 0.689941 0.0117188 0.000976562 0.054976
0 0.694336 0.220215 0.0117188 0.000976562 0.0550144
0 0.758789 0.716797 0.0136719 0 0.0550575
0 0.78418 0.46875 0.0136719 0 0.0550645
0 0.634277 0.0688477 0.0107422 0.00292969 0.0551407
0 0.793457 0.717285 0.0146484 0.000976562 0.0552024
0 0.898438 0.782227 0.00390625 0.00195312 0.0552124
0 0.803711 0.0307617 0.0136719 0.000976562 0.0552139
0 0.759277 0.744141 0.0146484 0 0.0552671
0 0.567871 0.658691 0.0126953 0.000976562 0.0553259
0 0.257812 0.139648 0.00976562 0.00390625 0.0553828
0 0.826172 0.0898438 0.015625 0 0.055399
0 0.906738 0.773926 0.00488281 0.00292969 0.0554942
0 0.691406 0.439941 0.0117188 0.000976562 0.0555563
0 0.565918 0.812988 0.0126953 0.000976562 0.0555738
0 0.797852 0 0.0078125 0 0.0555758
0 0.69873 0.102051 0.0107422 0.000976562 0.0555959
0 0.662598 0.71875 0.0107422 0 0.0556483
0 0.262695 0.84668 0.0078125 0.00390625 0.0557023
0 0.890625 0.319824 0.00585938 0.00292969 0.0557126
0 0.767578 0.0375977 0.0078125 0.00292969 0.0559852
0 0.665527 0.135254 0.0107422 0.000976562 0.0560177
0 0.924805 0.803223 0.0078125 0.00292969 0.0560578
0 0.286621 0.78418 0.00878906 0.00195312 0.0561319
0 0.664551 0.748535 0.0126953 0.000976562 0.056375
0 0.268066 0.0415039 0.00683594 0.00292969 0.0564081
0 0.663086 0.219727 0.0117188 0 0.056531
0 0.790527 0.776855 0.0146484 0.000976562 0.0565722
0 0.252441 0.72168 0.00878906 0.00390625 0.0566631
0 0.791016 0.17041 0.00585938 0.00292969 0.056798
0 0.697266 0.163574 0.0136719 0.000976562 0.0569361
0 0.412109 0.719238 0.0078125 0.000976562 0.0572152
0 0.601074 0.217285 0.0126953 0.000976562 0.0573242
0 0.726074 0.196289 0.0126953 0 0.0573676
0 0.251953 0.753418 0.00976562 0.00292969 0.0574307
0 0.799316 0.602539 0.000976562 0.00390625 0.057631
0 0.95459 0.0400391 0.00683594 0.00195312 0.0577467
0 0.695312 0.246582 0.0136719 0.000976562 0.0577734
0 0.691406 0.470215 0.0117188 0.000976562 0.0577827
0 0.632324 0.218262 0.0126953 0.000976562 0.0578499
0 0.726562 0.40625 0.0117188 0 0.0578772
0 0.877441 0.946289 0.00488281 0.00390625 0.0578999
0 0.922852 0.775391 0.00585938 0.00390625 0.0579908
0 0.630371 0.718262 0.0107422 0.000976562 0.0580217
0 0.695801 0.134766 0.0107422 0.00195312 0.0580967
0 0.76416 0.0610352 0.0166016 0.000976562 0.0581755
0 0.597656 0.278809 0.0117188 0.000976562 0.0583361
0 0.94873 0.746582 0.0146484 0.000976562 0.058345
0 0.694336 0.195801 0.0136719 0.000976562 0.058357
0 0.95166 0.26123 0.00488281 0.00292969 0.058407
0 0.25293 0.50293 0.00976562 0.00195312 0.0584182
0 0.699707 0.0673828 0.0126953 0.00195312 0.0584581
0 0.634277 0.103516 0.0107422 0.00195312 0.0586698
0 0.378418 0.202148 0.0107422 0.00390625 0.0587161
0 0.628418 0.779785 0.0126953 0.000976562 0.0588964
0 0.952637 0.716309 0.0146484 0.000976562 0.0589987
0 0.828125 0.0620117 0.0136719 0.000976562 0.059171
0 0.291016 0.848145 0.0078125 0.00292969 0.0592512
0 0.690918 0.343262 0.0126953 0.000976562 0.0595436
0 0.728516 0.311035 0.0117188 0.000976562 0.0595978
0 0.799316 0.162109 0.00683594 0.00390625 0.0596164
0 0.753906 0.472168 0.0117188 0.000976562 0.0596379
0 0.285156 0.750977 0.00976562 0.00195312 0.0596383
0 0.286133 0.718262 0.00976562 0.00292969 0.0598502
0 0.537598 0.687988 0.0107422 0.000976562 0.0600946
0 0.444336 0.722168 0.0078125 0.000976562 0.0606408
0 0.796387 0.0634766 0.0146484 0 0.0606613
0 0.759766 0.0380859 0.0078125 0.00195312 0.0608918
0 0.256348 0.26416 0.00878906 0.00292969 0.0609236
0 0.291992 0.910645 0.0078125 0.00292969 0.0610018
0 0.504395 0.722168 0.0107422 0.000976562 0.0612414
0 0.799316 0.17041 0.00878906 0.00292969 0.0613909
0 0.598633 0.71875 0.0117188 0 0.061527
0 0.970215 0.0405273 0.00488281 0.00292969 0.0616499
0 0.907715 0.781738 0.00488281 0.00292969 0.0616845
0 0.504883 0.751465 0.00976562 0.000976562 0.0619015
0 0.534668 0.780762 0.0126953 0.000976562 0.0619109
0 0.696289 0.748535 0.0117188 0.000976562 0.061951
0 0.662598 0.249023 0.0126953 0 0.0621852
0 0.796875 0.570801 0.00390625 0.00292969 0.0625432
0 0.631836 0.749512 0.0117188 0.000976562 0.0625657
0 0.730957 0.097168 0.0126953 0.000976562 0.0631816
0 0.797363 0.578125 0.00292969 0.00390625 0.0632065
0 0.728516 0.222656 0.0117188 0 0.0635064
0 0.378906 0.784668 0.00976562 0.000976562 0.0635524
0 0.729492 0.280762 0.0117188 0.000976562 0.0635617
0 0.937988 0.0410156 0.00683594 0.00195312 0.0638938
0 0.264648 0.909668 0.0078125 0.00488281 0.0639139
0 0.724121 0.500488 0.0126953 0.000976562 0.0639237
0 0.288086 0.879395 0.0078125 0.00292969 0.0639871
0 0.796875 0.745605 0.0136719 0.000976562 0.0640066
0 0.599609 0.246582 0.0136719 0.000976562 0.0640818
0 0.474121 0.722168 0.00878906 0.000976562 0.0641245
0 0.723633 0.438965 0.0117188 0.000976562 0.0641967
0 0.806641 0.589844 0.00390625 0.00585938 0.064197
0 0.473145 0.779785 0.0126953 0.000976562 0.0642786
0 0.26123 0.878418 0.00878906 0.00488281 0.0644171
0 0.924316 0.789551 0.00683594 0.00292969 0.0647262
0 0.799805 0.178223 0.00585938 0.00292969 0.0651219
0 0.630371 0.248047 0.0126953 0 0.0654776
0 0.730469 0.0639648 0.0136719 0.000976562 0.0657452
0 0.723145 0.375488 0.0126953 0.000976562 0.0658358
0 0.537598 0.720215 0.0107422 0.000976562 0.0658764
0 0.898926 0.791992 0.00683594 0.00195312 0.0665722
0 0.442383 0.780762 0.0117188 0.000976562 0.067031
0 0.723145 0.341797 0.0126953 0 0.0679638
0 0.804688 0.573242 0.00390625 0.00390625 0.0684007
0 0.535645 0.750488 0.0107422 0.000976562 0.0684236
0 0.410156 0.783691 0.00976562 0.000976562 0.0690456
0 0.694336 0.777344 0.0136719 0 0.0705148
0 0.567383 0.686035 0.0117188 0.000976562 0.0706412
0 0.376465 0.751465 0.00878906 0.000976562 0.0709197
0 0.441895 0.752441 0.00878906 0.000976562 0.0715496
0 0.474609 0.751465 0.00976562 0.000976562 0.0723944
0 0.722656 0.470703 0.0117188 0 0.0724015
0 0.598633 0.749512 0.0117188 0.000976562 0.0727113
0 0.727539 0.77832 0.0136719 0 0.0730261
0 0.791504 0.178711 0.00488281 0.00195312 0.073525
0 0.916504 0.788574 0.00683594 0.00292969 0.0740868
0 0.729004 0.249512 0.0126953 0.000976562 0.0747347
0 0.760742 0.775391 0.0136719 0 0.0752231
0 0.726074 0.750977 0.0107422 0 0.0772558
0 0.79834 0.595215 0.000976562 0.00488281 0.0779773
0 0.408691 0.751953 0.00878906 0.00195312 0.078014
0 0.595703 0.780762 0.0136719 0.000976562 0.0781385
0 0.567383 0.719238 0.0117188 0.000976562 0.0789767
0 0.566406 0.751465 0.0117188 0.000976562 0.0793437
0 0.564453 0.781738 0.0117188 0.000976562 0.083976
0 0.907227 0.791504 0.00585938 0.00292969 0.0920057
0 0.79834 0.587891 0.00292969 0.00585938 0.098131
