0 0.258789 0.409668 0.0117188 0.000976562 0.0500298
0 0.474121 0.689941 0.0126953 0.000976562 0.0500416
0 0.160156 0.503418 0.00976562 0.000976562 0.0500469
0 0.697266 0.158691 0.0117188 0.000976562 0.0500802
0 0.924316 0.45459 0.00292969 0.00292969 0.0500941
0 0.348633 0.283691 0.0117188 0.000976562 0.0500978
0 0.508301 0.846191 0.0146484 0.000976562 0.0501144
0 0.290039 0.84668 0.0117188 0.00195312 0.0501652
0 0.504395 0.689941 0.0126953 0.000976562 0.0502663
0 0.10498 0.62793 0.00683594 0.00195312 0.0503231
0 0.756836 0.725098 0.00976562 0.000976562 0.0503248
0 0.109863 0.87793 0.0107422 0.00195312 0.0503436
0 0.226074 0.816406 0.0107422 0.00195312 0.0504074
0 0.0761719 0.53418 0.00976562 0.00195312 0.0504303
0 0.755859 0.441406 0.0136719 0 0.0504348
0 0.199219 0.878418 0.0117188 0.000976562 0.0504376
0 0.510742 0.876465 0.015625 0.000976562 0.0504474
0 0.132324 0.565918 0.00683594 0.000976562 0.0504507
0 0.797852 0.0307617 0.015625 0.000976562 0.0504973
0 0.380371 0.313477 0.0107422 0.00195312 0.050614
0 0.165527 0.625977 0.00878906 0.00195312 0.0506331
0 0.293945 0.560547 0.0117188 0.00195312 0.0507466
0 0.508301 0.814941 0.0126953 0.000976562 0.0507509
0 0.829102 0.0307617 0.015625 0.000976562 0.0507939
0 0.225098 0.5625 0.00878906 0.00195312 0.0509395
0 0.727051 0.598633 0.0107422 0 0.0509408
0 0.223145 0.757324 0.00878906 0.000976562 0.0509898
0 0.568359 0.812988 0.0136719 0.000976562 0.0510291
0 0.295898 0.0302734 0.015625 0.00195312 0.0510502
0 0.224121 0.687012 0.0107422 0.000976562 0.0510642
0 0.162109 0.0712891 0.0117188 0 0.0511022
0 0.0771484 0.658203 0.0078125 0.00195312 0.0511058
0 0.694336 0.655762 0.0136719 0.000976562 0.0511215
0 0.321289 0.593262 0.0136719 0.000976562 0.0511541
0 0.324219 0.5625 0.0117188 0.00195312 0.0511551
0 0.932617 0.472656 0.00195312 0.00390625 0.0511625
0 0.755371 0.252441 0.0126953 0.000976562 0.0511817
0 0.884766 0.374023 0.0136719 0 0.0512417
0 0.253418 0.845703 0.0185547 0.0078125 0.0512613
0 0.226562 0.353516 0.0117188 0 0.0513138
0 0.567871 0.686035 0.0146484 0.000976562 0.0515008
0 0.317871 0.626465 0.0126953 0.000976562 0.0515063
0 0.411133 0.3125 0.00976562 0.00195312 0.0515223
0 0.195801 0.625488 0.0107422 0.000976562 0.051573
0 0.139648 0.231934 0.00976562 0.000976562 0.0515845
0 0.786133 0.404785 0.0136719 0.000976562 0.0516182
0 0.731934 0.0961914 0.0126953 0.000976562 0.0516342
0 0.664551 0.157715 0.0146484 0.000976562 0.0516894
0 0.536621 0.8125 0.0126953 0.00195312 0.0516967
0 0.72998 0.163086 0.0107422 0 0.0517032
0 0.639648 0.907715 0.0117188 0.00292969 0.0518009
0 0.40918 0.817383 0.00976562 0.00195312 0.0518053
0 0.547852 0.0600586 0.015625 0.000976562 0.0518255
0 0.535645 0.688965 0.0126953 0.000976562 0.0518266
0 0.692383 0.443848 0.00976562 0.000976562 0.0518293
0 0.194336 0.595215 0.00976562 0.000976562 0.0519007
0 0.190918 0.504395 0.00878906 0.000976562 0.0519784
0 0.26709 0.0332031 0.0146484 0.00195312 0.0520025
0 0.729004 0.501953 0.0126953 0 0.0521344
0 0.382324 0.534668 0.0107422 0.000976562 0.05222
0 0.726562 0.657715 0.0136719 0.000976562 0.0522369
0 0.0292969 0.000976562 0.0078125 0.00195312 0.0522417
0 0.76123 0.0668945 0.0126953 0.000976562 0.0522959
0 0.105469 0.78418 0.00976562 0.00195312 0.0522997
0 0.737305 0.0317383 0.015625 0.000976562 0.0523603
0 0.440918 0.815918 0.00878906 0.000976562 0.0524019
0 0.603027 0.847656 0.0126953 0.00195312 0.0524247
0 0.289062 0.592285 0.0136719 0.000976562 0.0526196
0 0.101562 0.505859 0.0136719 0.00195312 0.0526237
0 0.639648 0.120117 0.0175781 0 0.0526709
0 0.66748 0.218262 0.0126953 0.000976562 0.0526731
0 0.412598 0.280273 0.00878906 0.00195312 0.052688
0 0.443359 0.280273 0.0117188 0.00195312 0.0527199
0 0.670898 0.90625 0.0117188 0.00195312 0.0527652
0 0.284668 0.259766 0.0126953 0.00195312 0.0529992
0 0.255859 0.817383 0.0117188 0.00195312 0.0530502
0 0.131348 0.534668 0.00878906 0.000976562 0.0531108
0 0.664062 0.784668 0.00976562 0.000976562 0.0531453
0 0.0712891 0.257812 0.0117188 0 0.0531475
0 0.694824 0.687988 0.0126953 0.000976562 0.0532435
0 0.137207 0.352051 0.0107422 0.000976562 0.0532648
0 0.189453 0.725586 0.0117188 0 0.0532735
0 0.63916 0.090332 0.0166016 0.000976562 0.0532793
0 0.104004 0.034668 0.0146484 0.000976562 0.0532852
0 0.140625 0.262207 0.00976562 0.000976562 0.0532961
0 0.383789 0.625488 0.0136719 0.000976562 0.0533143
0 0.884277 0.405762 0.0146484 0.000976562 0.0533295
0 0.726562 0.568848 0.00976562 0.000976562 0.0533442
0 0.164062 0.595215 0.0078125 0.000976562 0.0533794
0 0.288574 0.288086 0.0107422 0.00195312 0.0534052
0 0.404297 0.811523 0.0214844 0.00585938 0.0534441
0 0.292969 0.0654297 0.0117188 0.00195312 0.0534442
0 0.133789 0.385254 0.0136719 0.000976562 0.0534663
0 0.850098 0.373535 0.0146484 0.000976562 0.0534937
0 0.254395 0.813477 0.0166016 0.00585938 0.0536296
0 0.539062 0.845215 0.0136719 0.000976562 0.0536718
0 0.132812 0.782715 0.0136719 0.000976562 0.053767
0 0.224121 0.594238 0.0107422 0.000976562 0.0537929
0 0.410156 0.754395 0.00976562 0.000976562 0.0537945
0 0.223633 0.655762 0.00976562 0.000976562 0.0538101
0 0.0771484 0.504395 0.0117188 0.00292969 0.0538135
0 0.0771484 0.472656 0.0136719 0.00195312 0.0540366
0 0.761719 0.882324 0.0117188 0.000976562 0.0540577
0 0.191406 0.531738 0.0078125 0.000976562 0.0540828
0 0.756348 0.221191 0.0126953 0.000976562 0.0541263
0 0.608887 0.912109 0.0107422 0.00195312 0.0542103
0 0.220215 0.724121 0.00878906 0.000976562 0.0542295
0 0.754395 0.406738 0.0126953 0.000976562 0.054298
0 0.606934 0.0629883 0.0146484 0.000976562 0.0542994
0 0.231445 0.0668945 0.0117188 0.000976562 0.054365
0 0.602051 0.814453 0.0126953 0.00195312 0.0544535
0 0.381836 0.596191 0.0117188 0.000976562 0.0544781
0 0.141113 0.288086 0.0107422 0 0.0545133
0 0.544922 0.875488 0.015625 0.000976562 0.0545157
0 0.163086 0.722168 0.00976562 0.000976562 0.0545584
0 0.284668 0.785645 0.00878906 0.000976562 0.0545978
0 0.352539 0.594238 0.0117188 0.000976562 0.0546424
0 0.258301 0.320312 0.0126953 0.00195312 0.0546837
0 0.138672 0.319336 0.00976562 0 0.0547021
0 0.416016 0.595215 0.0117188 0.000976562 0.0548282
0 0.0722656 0.316895 0.0117188 0.000976562 0.0548332
0 0.222656 0.473145 0.0078125 0.000976562 0.0548951
0 0.0712891 0.286621 0.0117188 0.000976562 0.0549382
0 0.630371 0.686035 0.0146484 0.000976562 0.0549403
0 0.414062 0.565918 0.0117188 0.000976562 0.0549545
0 0.164062 0.783691 0.0117188 0.000976562 0.0549679
0 0.765137 0.0327148 0.0146484 0.000976562 0.0550201
0 0.697266 0.217285 0.0136719 0.000976562 0.0550445
0 0.408203 0.721191 0.0117188 0.000976562 0.0550773
0 0.28418 0.624512 0.0136719 0.000976562 0.0550831
0 0.0703125 0.0317383 0.0136719 0.000976562 0.0550915
0 0.729004 0.282715 0.0126953 0.000976562 0.0550932
0 0.285645 0.655762 0.0126953 0.000976562 0.0550943
0 0.283691 0.754883 0.00878906 0 0.0550987
0 0.191895 0.564941 0.00878906 0.000976562 0.0551075
0 0.381836 0.280762 0.00976562 0.000976562 0.0552303
0 0.663086 0.81543 0.00976562 0.00195312 0.0552948
0 0.251953 0.757324 0.0078125 0.000976562 0.055397
0 0.161621 0.445312 0.0126953 0.00195312 0.0554119
0 0.727051 0.787598 0.0107422 0.000976562 0.0554343
0 0.234375 0 0.0136719 0 0.0554468
0 0.728027 0.819336 0.0107422 0.00195312 0.0554643
0 0.850586 0.405762 0.0136719 0.000976562 0.0555302
0 0.729004 0.131348 0.0107422 0.000976562 0.0557069
0 0.234375 0.0336914 0.0136719 0.000976562 0.0557271
0 0.954102 0.939453 0.00195312 0.00585938 0.0557492
0 0.19043 0.476074 0.00976562 0.000976562 0.0558099
0 0.132324 0.473145 0.0146484 0.000976562 0.0560101
0 0.254883 0.440918 0.00976562 0.000976562 0.0560965
0 0.73291 0.851562 0.0107422 0.00195312 0.056106
0 0.101074 0.533691 0.0107422 0.000976562 0.0561169
0 0.127441 0.0698242 0.0126953 0.000976562 0.0561177
0 0.380859 0.566406 0.0117188 0.00195312 0.0561343
0 0.787109 0.436523 0.015625 0 0.0562223
0 0.729492 0.250488 0.0117188 0.000976562 0.0562231
0 0.0766602 0.750488 0.0107422 0.000976562 0.0562822
0 0.162109 0.473145 0.0117188 0.000976562 0.0563745
0 0.223145 0.624512 0.0107422 0.000976562 0.0564282
0 0.441895 0.78418 0.00878906 0 0.0564588
0 0.0683594 0.0957031 0.0136719 0 0.0567847
0 0.344238 0.722168 0.0107422 0.000976562 0.0568624
0 0.166992 0.352051 0.00976562 0.000976562 0.0568779
0 0.316895 0.657227 0.0126953 0.00195312 0.056928
0 0.637207 0.0644531 0.0146484 0.00195312 0.0570146
0 0.631348 0.816406 0.0126953 0.00195312 0.0570379
0 0.377441 0.721191 0.0107422 0.000976562 0.0570852
0 0.570312 0.84668 0.0136719 0.00195312 0.0571261
0 0.668945 0.847656 0.0117188 0.00195312 0.0571824
0 0.260742 0.383301 0.0117188 0.000976562 0.0571885
0 0.264648 0.0693359 0.0117188 0.00195312 0.0573088
0 0.669922 0.87793 0.0136719 0.00195312 0.0574104
0 0.103027 0.689941 0.00878906 0.000976562 0.0574579
0 0.932617 0.945312 0.00195312 0.00390625 0.0574636
0 0.103027 0.47168 0.0146484 0.00195312 0.0576088
0 0.474609 0.782715 0.0117188 0.000976562 0.0577255
0 0.634277 0.783691 0.0126953 0.000976562 0.0577883
0 0.256348 0.26416 0.00878906 0.000976562 0.0577919
0 0.728027 0.314941 0.0107422 0.000976562 0.0578596
0 0.26123 0.562988 0.0107422 0.000976562 0.057885
0 0.0751953 0.689453 0.00976562 0.00195312 0.0578871
0 0.44043 0.721191 0.0117188 0.000976562 0.0580323
0 0.727051 0.536621 0.0107422 0.000976562 0.0580858
0 0.104004 0.721191 0.00878906 0.000976562 0.0580983
0 0.229492 0.879395 0.0117188 0.000976562 0.0581066
0 0.694336 0.345215 0.0136719 0.000976562 0.0582033
0 0.256836 0.291504 0.00976562 0.000976562 0.0583152
0 0.228516 0.848145 0.0117188 0.000976562 0.058632
0 0.60498 0.781738 0.0126953 0.000976562 0.0586547
0 0.754395 0.755371 0.00878906 0.000976562 0.0586942
0 0.731934 0.911621 0.0107422 0.00292969 0.0587143
0 0.640137 0.878418 0.0146484 0.000976562 0.058845
0 0.729004 0.191895 0.0107422 0.000976562 0.0588631
0 0.666992 0.0922852 0.015625 0.000976562 0.0590094
0 0.350586 0.656738 0.0136719 0.000976562 0.0591837
0 0.382812 0.687012 0.0117188 0.000976562 0.0592114
0 0.194336 0.785645 0.0117188 0.000976562 0.0592449
0 0.698242 0.0932617 0.015625 0.000976562 0.0593128
0 0.158691 0.53418 0.00878906 0.00195312 0.0593894
0 0.260742 0.876953 0.0117188 0.00195312 0.05945
0 0.632324 0.751465 0.0126953 0.000976562 0.0595272
0 0.097168 0.0683594 0.0126953 0 0.0595742
0 0.44043 0.753906 0.00976562 0 0.059682
0 0.727051 0.690918 0.0126953 0.000976562 0.0598036
0 0.261719 0.501465 0.00976562 0.000976562 0.0599641
0 0.104492 0.752441 0.00976562 0.000976562 0.0600097
0 0.972168 0.947266 0.000976562 0.0078125 0.0603523
0 0.599121 0.718262 0.0146484 0.000976562 0.0603981
0 0.259277 0.353027 0.0126953 0.000976562 0.0604298
0 0.106934 0.318359 0.0107422 0 0.0604716
0 0.697266 0.125488 0.0136719 0.000976562 0.0607087
0 0.694336 0.409668 0.0117188 0.000976562 0.0608173
0 0.262207 0.531738 0.0107422 0.000976562 0.0609943
0 0.0751953 0.719238 0.00976562 0.000976562 0.0609973
0 0.258789 0.848633 0.0117188 0.00195312 0.0610139
0 0.668457 0.122559 0.0146484 0.000976562 0.0610301
0 0.923828 0.447266 0.00390625 0.00195312 0.06124
0 0.224609 0.786621 0.00976562 0.000976562 0.0612422
0 0.574707 0.878906 0.0146484 0.00195312 0.0614342
0 0.635254 0.84668 0.0126953 0.00195312 0.061448
0 0.506836 0.783691 0.0117188 0.000976562 0.0616271
0 0.731934 0.0639648 0.0146484 0.000976562 0.0617452
0 0.258301 0.473145 0.00878906 0.000976562 0.0618136
0 0.631836 0.716797 0.015625 0 0.0618478
0 0.31543 0.688965 0.0117188 0.000976562 0.0619001
0 0.606934 0.881836 0.0126953 0.00195312 0.0620972
0 0.665039 0.0644531 0.0136719 0.00195312 0.0620994
0 0.105469 0.26123 0.0117188 0.000976562 0.0621659
0 0.101562 0.409668 0.0136719 0.000976562 0.0622817
0 0.256836 0.594238 0.0117188 0.000976562 0.0623327
0 0.963379 0.95459 0.000976562 0.00683594 0.0623607
0 0.962891 0.938965 0.00195312 0.00683594 0.0625998
0 0.729492 0.219727 0.0117188 0 0.0626889
0 0.699219 0.848633 0.00976562 0.00195312 0.0627479
0 0.70166 0.908691 0.0107422 0.00292969 0.062762
0 0.662109 0.754395 0.0117188 0.000976562 0.062912
0 0.284668 0.686523 0.0107422 0.00195312 0.0632476
0 0.254395 0.787109 0.00878906 0.00195312 0.0633586
0 0.730957 0.881836 0.0126953 0.00195312 0.0635435
0 0.350098 0.626465 0.0126953 0.000976562 0.0635526
0 0.695801 0.0634766 0.0146484 0.00195312 0.0635985
0 0.947754 0.948242 0.000976562 0.00585938 0.0636127
0 0.101562 0.441895 0.0136719 0.000976562 0.0636747
0 0.279785 0.722656 0.0107422 0.00195312 0.0637567
0 0.502441 0.720703 0.0126953 0 0.0638066
0 0.133789 0.412598 0.0136719 0.000976562 0.0641491
0 0.471191 0.753906 0.0107422 0 0.0646498
0 0.572754 0.781738 0.0126953 0.000976562 0.0649979
0 0.924316 0.47168 0.00292969 0.00390625 0.0651017
0 0.160156 0.566895 0.0078125 0.000976562 0.0651028
0 0.600586 0.75293 0.0117188 0 0.0652524
0 0.727051 0.346191 0.0126953 0.000976562 0.0653134
0 0.194824 0.000976562 0.00488281 0.00195312 0.065441
0 0.954102 0.933105 0.00390625 0.00488281 0.0656678
0 0.725586 0.409668 0.0117188 0.000976562 0.0657121
0 0.692871 0.72168 0.0107422 0.00195312 0.0659698
0 0.10791 0.288086 0.0107422 0 0.0660004
0 0.470703 0.721191 0.0117188 0.000976562 0.0663379
0 0.534668 0.721191 0.0126953 0.000976562 0.0664733
0 0.252441 0.626465 0.0126953 0.000976562 0.0667771
0 0.695312 0.376465 0.0117188 0.000976562 0.0668517
0 0.133301 0.442871 0.0146484 0.000976562 0.0669505
0 0.694336 0.786621 0.00976562 0.000976562 0.066993
0 0.257324 0.6875 0.0107422 0.00195312 0.0671016
0 0.254883 0.655762 0.0117188 0.000976562 0.0671528
0 0.694336 0.817383 0.00976562 0.00195312 0.0675291
0 0.727051 0.379395 0.0107422 0.000976562 0.0675633
0 0.0683594 0.0654297 0.0117188 0 0.0686551
0 0.347656 0.688965 0.0117188 0.000976562 0.0690127
0 0.724121 0.724121 0.0107422 0.000976562 0.0690138
0 0.250488 0.725098 0.0107422 0.000976562 0.0700054
0 0.939941 0.946289 0.000976562 0.00390625 0.070287
0 0.56543 0.719727 0.0136719 0 0.0710407
0 0.700684 0.878418 0.0126953 0.00292969 0.0722879
0 0.536621 0.751953 0.0126953 0 0.0730972
0 0.540527 0.779785 0.0126953 0.000976562 0.0738639
0 0.955566 0.955566 0.000976562 0.00488281 0.0748147
0 0.567383 0.75293 0.0117188 0 0.0758595
0 0.50293 0.75293 0.0117188 0 0.0763491
0 0.723145 0.755859 0.0107422 0 0.0807879
0 0.924316 0.464355 0.00292969 0.00292969 0.0833102
0 0.932617 0.464355 0.00195312 0.00292969 0.0879112
0 0.691406 0.755371 0.0117188 0.000976562 0.0931878
0 0.963379 0.948242 0.000976562 0.0078125 0.10566
0 0.955078 0.94873 0 0.00683594 0.114052
