0 0.602539 0.497559 0.0117188 0.00292969 0.0500444
0 0.666016 0.911133 0.0117188 0.00390625 0.0500491
0 0.254395 0.480469 0.0126953 0.00390625 0.0500613
0 0.446777 0.503418 0.0107422 0.00292969 0.0501422
0 0.757324 0.316895 0.0107422 0.000976562 0.0502211
0 0.697266 0.469727 0.0117188 0.00195312 0.0502504
0 0.665039 0.659668 0.00976562 0.00292969 0.0502766
0 0.726562 0.915527 0.0117188 0.00292969 0.050514
0 0.579102 0.0375977 0.0117188 0.00292969 0.0505833
0 0.697754 0.5 0.0107422 0.00195312 0.0506664
0 0.105957 0.191895 0.00878906 0.00292969 0.0507226
0 0.664551 0.786133 0.0107422 0.00195312 0.0507662
0 0.696777 0.911133 0.0107422 0.00390625 0.0507761
0 0.664062 0.628418 0.00976562 0.00292969 0.050855
0 0.689941 0.837891 0.0185547 0.00976562 0.0508921
0 0.472168 0.800293 0.0146484 0.00878906 0.0509275
0 0.287598 0.88623 0.00878906 0.00292969 0.0509575
0 0.642578 0.0390625 0.0117188 0.00390625 0.0511208
0 0.445801 0.474121 0.0107422 0.00292969 0.0512043
0 0.609375 0.878906 0.0136719 0.00195312 0.0512462
0 0.726074 0.631836 0.00878906 0.00195312 0.0512982
0 0.252441 0.511719 0.0126953 0.00390625 0.0513302
0 0.725586 0.50293 0.0078125 0.00195312 0.051398
0 0.279297 0.572754 0.00976562 0.00292969 0.0516943
0 0.466309 0.777832 0.0263672 0.00683594 0.0517081
0 0.569336 0.531738 0.00976562 0.00292969 0.0517173
0 0.566406 0.757324 0.0117188 0.000976562 0.0517409
0 0.595215 0.291016 0.0126953 0.00195312 0.0517731
0 0.664062 0.691406 0.00976562 0.00195312 0.051875
0 0.54248 0.408203 0.0126953 0.00195312 0.0518826
0 0.693848 0.315918 0.0126953 0.000976562 0.0519164
0 0.287598 0.815918 0.00683594 0.00683594 0.0520894
0 0.476562 0.535645 0.0117188 0.00292969 0.0521465
0 0.753906 0.439453 0.00976562 0.00195312 0.0522378
0 0.670898 0.877441 0.0136719 0.00488281 0.0522552
0 0.726074 0.344238 0.0126953 0.000976562 0.0523141
0 0.63916 0.106445 0.0107422 0.00195312 0.0523557
0 0.600098 0.786621 0.0107422 0.000976562 0.0524202
0 0.76123 0.974609 0.00878906 0.00390625 0.0524352
0 0.24707 0.610352 0.0078125 0.00195312 0.0524805
0 0.53418 0.353027 0.0117188 0.00292969 0.0524941
0 0.416504 0.885742 0.0146484 0.00195312 0.0526128
0 0.444824 0.444336 0.0107422 0.00195312 0.0526256
0 0.693848 0.59668 0.00878906 0.00195312 0.0526958
0 0.562988 0.354004 0.0126953 0.000976562 0.0530392
0 0.625977 0.260742 0.00976562 0.00195312 0.0530442
0 0.103516 0.223145 0.0078125 0.00292969 0.053156
0 0.0556641 0.984863 0.00976562 0.00488281 0.0532255
0 0.663574 0.564941 0.0107422 0.00292969 0.0532285
0 0.479004 0.886719 0.0107422 0.00390625 0.053396
0 0.695312 0.532227 0.00976562 0.00195312 0.0534129
0 0.571289 0.0727539 0.0117188 0.00292969 0.0534611
0 0.724609 0.472656 0.00976562 0.00195312 0.0534822
0 0.70166 0.878418 0.0126953 0.00488281 0.0536265
0 0.251953 0.318848 0.00976562 0.000976562 0.0536475
0 0.723633 0.536133 0.0078125 0.00195312 0.0536824
0 0.60791 0.138184 0.0107422 0.00292969 0.0537941
0 0.442383 0.414551 0.0117188 0.000976562 0.0541197
0 0.43457 0.761719 0.0117188 0.00195312 0.0541508
0 0.757812 0.694336 0.0078125 0.00195312 0.0542859
0 0.597168 0.260742 0.0126953 0.00195312 0.0544031
0 0.937988 0.588867 0.0205078 0.0078125 0.0544776
0 0.102051 0.254395 0.00878906 0.00292969 0.0548914
0 0.507812 0.535645 0.00976562 0.00292969 0.0553465
0 0.727539 0.229492 0.00976562 0.00195312 0.0553597
0 0.509766 0.439453 0.0117188 0.00195312 0.0554286
0 0.911133 0.576172 0.0078125 0.00195312 0.0554986
0 0.755371 0.884277 0.0107422 0.00292969 0.0555108
0 0.664551 0.723633 0.0107422 0.00195312 0.0557412
0 0.724121 0.569336 0.0107422 0.00195312 0.0559531
0 0.288086 0.84668 0.0078125 0.0078125 0.0559633
0 0.700195 0.847656 0.0117188 0.00390625 0.05601
0 0.574219 0.466309 0.0117188 0.00292969 0.0560712
0 0.694824 0.817871 0.00878906 0.00292969 0.0562034
0 0.810547 0.130371 0.0136719 0.00292969 0.0562162
0 0.539062 0.533691 0.00976562 0.00292969 0.0563005
0 0.694824 0.693359 0.00878906 0.00195312 0.0563031
0 0.725586 0.314941 0.0117188 0.000976562 0.056422
0 0.690918 0.258789 0.0107422 0.00195312 0.0565121
0 0.695801 0.227539 0.0107422 0.00195312 0.0565205
0 0.571289 0.497559 0.00976562 0.00292969 0.0566715
0 0.605469 0.108398 0.00976562 0.00195312 0.0566948
0 0.477051 0.442871 0.0107422 0.00292969 0.0567269
0 0.254395 0.589844 0.0205078 0.00585938 0.05674
0 0.509766 0.408203 0.0117188 0.00195312 0.056771
0 0.477051 0.472168 0.0107422 0.00292969 0.0567986
0 0.447754 0.88623 0.0126953 0.00292969 0.0569004
0 0.625977 0.289062 0.0117188 0.00195312 0.0570481
0 0.693848 0.62793 0.00878906 0.00195312 0.0572693
0 0.631836 0.757324 0.00976562 0.000976562 0.0577368
0 0.694824 0.660645 0.00878906 0.00292969 0.0578153
0 0.425293 0.212402 0.0166016 0.00488281 0.0578477
0 0.508301 0.502441 0.0107422 0.00292969 0.0579284
0 0.477051 0.501953 0.0107422 0.00390625 0.0579587
0 0.753906 0.821289 0.0078125 0.00195312 0.0580199
0 0.726562 0.664062 0.0078125 0.00195312 0.0581283
0 0.369141 0.175781 0.0136719 0.00195312 0.0584351
0 0.695801 0.786621 0.00878906 0.00292969 0.0584653
0 0.756348 0.755371 0.00878906 0.000976562 0.058503
0 0.664551 0.755371 0.0107422 0.000976562 0.0585715
0 0.543457 0.438477 0.0126953 0.00195312 0.0589385
0 0.475098 0.412598 0.0107422 0.00292969 0.0592194
0 0.640625 0.074707 0.00976562 0.00292969 0.0592796
0 0.725586 0.285645 0.0117188 0.000976562 0.0595281
0 0.510254 0.470215 0.0107422 0.00292969 0.0596922
0 0.755859 0.788086 0.0078125 0.00195312 0.0597175
0 0.727051 0.258301 0.0107422 0.000976562 0.0597215
0 0.609863 0.0395508 0.0126953 0.00292969 0.0597683
0 0.598633 0.755371 0.0117188 0.000976562 0.0597851
0 0.695801 0.404785 0.0126953 0.000976562 0.0598796
0 0.723145 0.438477 0.0107422 0.00195312 0.0599681
0 0.693848 0.343262 0.0146484 0.000976562 0.0600515
0 0.695801 0.373535 0.0146484 0.000976562 0.0603681
0 0.369629 0.133301 0.00878906 0.00292969 0.0605735
0 0.539551 0.499512 0.0107422 0.00292969 0.0607636
0 0.693848 0.56543 0.00878906 0.00195312 0.0608108
0 0.694824 0.438477 0.0126953 0.00195312 0.0608783
0 0.758301 0.725098 0.00878906 0.000976562 0.0620594
0 0.542969 0.467285 0.00976562 0.00292969 0.0631775
0 0.604492 0.0756836 0.0117188 0.00292969 0.0632418
0 0.72998 0.851562 0.0107422 0.00195312 0.0642006
0 0.34082 0.162598 0.0136719 0.00292969 0.0643249
0 0.407715 0.173828 0.0107422 0.00390625 0.0645873
0 0.727051 0.694824 0.00683594 0.000976562 0.0649312
0 0.694824 0.724121 0.0107422 0.000976562 0.0657693
0 0.694824 0.754395 0.00878906 0.000976562 0.0664631
0 0.724609 0.883301 0.0117188 0.00488281 0.0671308
0 0.318359 0.814941 0.00585938 0.00488281 0.0675767
0 0.318359 0.838379 0.0117188 0.00878906 0.0705082
0 0.725098 0.821289 0.00878906 0.00195312 0.0760475
0 0.726562 0.789062 0.0078125 0.00195312 0.0784671
0 0.725098 0.758301 0.00878906 0.000976562 0.0792903
0 0.725098 0.727051 0.00878906 0.000976562 0.0834118
0 0.28418 0.812988 0.00195312 0.0107422 0.0881689
