0 0.251465 0.955566 0.000976562 0.00292969 0.0500534
0 0.387695 0.0947266 0.00976562 0.00195312 0.0500772
0 0.477539 0.442383 0.0078125 0.00195312 0.050116
0 0.692383 0.53125 0.00976562 0.00195312 0.0502001
0 0.416016 0.314941 0.00585938 0.00292969 0.0502159
0 0.258301 0.21875 0.00878906 0.00195312 0.0502381
0 0.595703 0.754883 0.0078125 0 0.0502835
0 0.946289 0.251465 0.0078125 0.000976562 0.0503812
0 0.688965 0.92041 0.00488281 0.00292969 0.0505409
0 0.442871 0.474609 0.00878906 0.00195312 0.050689
0 0.251953 0.932617 0 0.00390625 0.0509868
0 0.282227 0.75293 0.00976562 0.00195312 0.0510927
0 0.729492 0.850098 0.0117188 0.000976562 0.0511356
0 0.320801 0.873535 0.0146484 0.000976562 0.0512798
0 0.693848 0.593262 0.0107422 0.000976562 0.0513843
0 0.312012 0.494629 0.0224609 0.00878906 0.0515568
0 0.388184 0.0629883 0.00878906 0.00292969 0.051561
0 0.632812 0.561523 0.00976562 0.00195312 0.0516588
0 0.934082 0.580078 0.00683594 0.0078125 0.0518049
0 0.354492 0.873535 0.0136719 0.000976562 0.0519016
0 0.661621 0.753418 0.0107422 0.000976562 0.0519454
0 0.254395 0.564941 0.0107422 0.00292969 0.0519979
0 0.442871 0.442383 0.00683594 0.00195312 0.052034
0 0.628418 0.753906 0.00878906 0 0.0520742
0 0.0776367 0.312012 0.0146484 0.000976562 0.0520859
0 0.446777 0.220703 0.00683594 0.00195312 0.0521231
0 0.754883 0.783691 0.00976562 0.000976562 0.0521265
0 0.75293 0.0786133 0.00976562 0.00292969 0.0521319
0 0.681641 0.920898 0.00390625 0.00390625 0.0522083
0 0.41748 0.123535 0.00878906 0.00292969 0.0522769
0 0.694824 0.106445 0.0126953 0.00195312 0.0523515
0 0.700195 0.932129 0.015625 0.000976562 0.0525067
0 0.474609 0.282715 0.00585938 0.00292969 0.0528221
0 0.291016 0.187988 0.00976562 0.000976562 0.052886
0 0.75293 0.817871 0.00976562 0.000976562 0.0529403
0 0.252441 0.813477 0.0107422 0.00195312 0.0529974
0 0.409668 0.783691 0.0107422 0.000976562 0.0530173
0 0.630371 0.687988 0.00878906 0.000976562 0.0530228
0 0.72168 0.947266 0.00195312 0.00390625 0.0530331
0 0.625488 0.722168 0.00878906 0.000976562 0.0530911
0 0.0336914 0.0380859 0.00488281 0.00390625 0.0530935
0 0.72998 0.903809 0.0146484 0.000976562 0.0531624
0 0.658203 0.720215 0.00976562 0.000976562 0.0531848
0 0.728516 0.693848 0.00976562 0.000976562 0.0531927
0 0.954102 0.0419922 0.00195312 0.00390625 0.0532802
0 0.661133 0.785645 0.0117188 0.000976562 0.0532841
0 0.0795898 0.280273 0.0146484 0.00195312 0.0533604
0 0.289551 0.248047 0.00878906 0.00195312 0.0533919
0 0.728516 0.877441 0.0136719 0.000976562 0.0534194
0 0.138672 0.904297 0.0136719 0.00195312 0.0536451
0 0.713867 0.953125 0.00195312 0.00195312 0.0537077
0 0.479492 0.0957031 0.0117188 0.00195312 0.0537136
0 0.513184 0.0644531 0.0107422 0.00195312 0.0539134
0 0.705566 0.928711 0.00292969 0.00195312 0.0540537
0 0.288574 0.279297 0.00878906 0.00195312 0.0543703
0 0.41748 0.0927734 0.0107422 0.00195312 0.0543879
0 0.380371 0.782715 0.0107422 0.000976562 0.0544084
0 0.418945 0.0615234 0.00976562 0.00195312 0.0544388
0 0.167969 0.873535 0.0136719 0.00292969 0.0547176
0 0.286621 0.475098 0.0126953 0.00292969 0.0549697
0 0.228027 0.934082 0.0146484 0.000976562 0.0550036
0 0.256836 0.27832 0.00976562 0.00195312 0.0553027
0 0.455078 0.0332031 0.00976562 0.00195312 0.0555505
0 0.321289 0.189453 0.00976562 0.00195312 0.0556902
0 0.705566 0.935547 0.00292969 0.00195312 0.0557913
0 0.413086 0.282715 0.00585938 0.00292969 0.055858
0 0.719727 0.333008 0.0117188 0.00390625 0.0560542
0 0.448242 0.185547 0.0078125 0.00195312 0.0562066
0 0.283203 0.841797 0.0136719 0.00195312 0.0562217
0 0.28418 0.811523 0.0117188 0.00195312 0.0565182
0 0.248535 0.51123 0.0107422 0.00292969 0.056535
0 0.25 0.539062 0.0117188 0.00195312 0.0565391
0 0.44873 0.0927734 0.0107422 0.00195312 0.056574
0 0.166504 0.93457 0.0146484 0.00195312 0.0566074
0 0.629395 0.784668 0.0107422 0.000976562 0.0569053
0 0.908691 0.595215 0.00878906 0.0107422 0.0569942
0 0.0400391 0.275879 0.00195312 0.00292969 0.0570494
0 0.724609 0.726562 0.00976562 0 0.0573996
0 0.518066 0.0341797 0.0107422 0.00195312 0.0574445
0 0.450684 0.0620117 0.0107422 0.000976562 0.0575177
0 0.482422 0.0644531 0.0117188 0.00195312 0.0575812
0 0.348145 0.782715 0.0107422 0.000976562 0.057599
0 0.254883 0.843262 0.0136719 0.000976562 0.0577689
0 0.756348 0.0424805 0.0126953 0.00292969 0.0578969
0 0.244141 0.949707 0 0.00292969 0.0579318
0 0.56543 0.783691 0.0117188 0.000976562 0.0580245
0 0.690918 0.819824 0.0107422 0.000976562 0.0580595
0 0.697754 0.936035 0.00292969 0.000976562 0.0582802
0 0.168945 0.903809 0.0136719 0.00292969 0.0583973
0 0.727051 0.34668 0.00878906 0.00976562 0.0587195
0 0.256836 0.247559 0.00976562 0.000976562 0.0588983
0 0.698242 0.687012 0.0117188 0.000976562 0.0592876
0 0.443359 0.250977 0.00585938 0.00195312 0.0594278
0 0.236328 0.95166 0 0.00292969 0.0594551
0 0.597168 0.784668 0.0107422 0.000976562 0.0594658
0 0.594727 0.723145 0.0078125 0.000976562 0.0595562
0 0.286133 0.875 0.0136719 0.00195312 0.0596876
0 0.487305 0.0341797 0.00976562 0.00195312 0.0597355
0 0.282715 0.780762 0.0107422 0.000976562 0.0597647
0 0.753906 0.342285 0.015625 0.00878906 0.0601264
0 0.902832 0.58252 0.00488281 0.00683594 0.0603512
0 0.735352 0.932129 0.0136719 0.000976562 0.0606304
0 0.722656 0.822754 0.00976562 0.000976562 0.0609196
0 0.194824 0.873535 0.0126953 0.00292969 0.0625693
0 0.724609 0.756348 0.00976562 0.000976562 0.0630966
0 0.442871 0.283691 0.00488281 0.00292969 0.0642617
0 0.256348 0.903809 0.0146484 0.000976562 0.0643551
0 0.0942383 0.796387 0.00878906 0.00683594 0.0652449
0 0.705566 0.951172 0.000976562 0.00195312 0.0662363
0 0.224121 0.90332 0.0146484 0.00195312 0.0672621
0 0.224121 0.874512 0.0126953 0.00292969 0.0674624
0 0.672852 0.930664 0.00585938 0.00390625 0.0675429
0 0.199219 0.933594 0.015625 0.00195312 0.0678011
0 0.697754 0.929199 0.00292969 0.00292969 0.0678375
0 0.252441 0.949707 0.000976562 0.00292969 0.06798
0 0.195801 0.902344 0.0146484 0.00195312 0.0698272
0 0.692383 0.720215 0.0117188 0.000976562 0.0700336
0 0.689941 0.936035 0.00292969 0.00292969 0.0711361
0 0.689941 0.786133 0.0126953 0 0.0728845
0 0.722168 0.788574 0.0107422 0.000976562 0.073214
0 0.254883 0.874512 0.0136719 0.000976562 0.073377
0 0.697754 0.951172 0.000976562 0.00195312 0.0738739
0 0.713379 0.947754 0.000976562 0.00292969 0.0750692
0 0.691895 0.752441 0.0126953 0.000976562 0.0756584
0 0.682129 0.952148 0.000976562 0.00390625 0.0794776
0 0.674316 0.944824 0.00292969 0.00292969 0.0795842
0 0.689941 0.951172 0.000976562 0.00390625 0.0830895
0 0.689453 0.929199 0.00390625 0.00488281 0.0857999
0 0.682129 0.936523 0.00292969 0.00195312 0.088615
0 0.706055 0.944336 0.00195312 0.00195312 0.094895
0 0.681152 0.929688 0.00292969 0.00390625 0.0990873
0 0.698242 0.944336 0.00195312 0.00195312 0.120911
0 0.682617 0.944824 0.00195312 0.00292969 0.122028
0 0.69043 0.944824 0.00195312 0.00292969 0.122458
