0 0.576563 0.110937 0.23125 0.1125 0.0704392
0 0.453125 0.607813 0.240625 0.121875 0.0714859
0 0.546094 0.415625 0.351562 0.059375 0.0740192
0 0.496094 0.455469 0.339063 0.0515625 0.0742345
0 0.167969 0.453906 0.289062 0.139062 0.0744178
0 0.550781 0.367188 0.367188 0.053125 0.0746775
0 0.576563 0.163281 0.23125 0.0828125 0.0785107
0 0.5 0.557031 0.3125 0.126563 0.0804297
0 0.544531 0.564062 0.282813 0.065625 0.0869538
0 0.59375 0.461719 0.240625 0.0421875 0.087756
0 0.591406 0.515625 0.201562 0.034375 0.0879997
