0 0.573438 0.111719 0.278125 0.0515625 0.10092
0 0.510156 0.304688 0.348437 0.053125 0.0702013
0 0.430469 0.0609375 0.295312 0.121875 0.0705595
0 0.203125 0.403906 0.334375 0.0484375 0.0705807
0 0.63125 0.0578125 0.325 0.071875 0.070876
0 0.514063 0.252344 0.36875 0.0734375 0.0710836
0 0.4125 0.501562 0.225 0.1 0.0742146
0 0.560938 0.317969 0.340625 0.0359375 0.0764959
0 0.571094 0.263281 0.373437 0.0421875 0.0768636
0 0.414062 0.405469 0.253125 0.0578125 0.0781776
0 0.517969 0.20625 0.335938 0.084375 0.0781938
0 0.547656 0.5625 0.270312 0.04375 0.0782489
0 0.553906 0.657031 0.214062 0.0328125 0.079142
0 0.507812 0.499219 0.2875 0.0640625 0.0794933
0 0.414844 0.452344 0.232812 0.107813 0.0822849
0 0.573438 0.213281 0.34375 0.0484375 0.082292
0 0.51875 0.157031 0.31875 0.0828125 0.0843006
0 0.557031 0.405469 0.364062 0.0453125 0.0847023
0 0.525 0.0570313 0.296875 0.0984375 0.0873087
0 0.553906 0.504687 0.276563 0.034375 0.0881396
0 0.552344 0.455469 0.310937 0.0578125 0.0923549
0 0.572656 0.164062 0.301562 0.046875 0.0990684
0 0.573438 0.111719 0.278125 0.0515625 0.10092
