0 0.565625 0.509375 0.309375 0.01875 0.105482
0 0.421094 0.408594 0.310937 0.0140625 0.0701649
0 0.654688 0.659375 0.415625 0.028125 0.0705753
0 0.425 0.450781 0.31875 0.0203125 0.0708679
0 0.180469 0.823438 0.360938 0.125 0.0714182
0 0.2625 0.500781 0.334375 0.0484375 0.0724482
0 0.263281 0.449219 0.376563 0.0328125 0.0725526
0 0.5625 0.759375 0.228125 0.046875 0.0737295
0 0.146094 0.952344 0.292188 0.0953125 0.0744609
0 0.259375 0.553906 0.25 0.0484375 0.0758303
0 0.564844 0.858594 0.310937 0.0640625 0.0759967
0 0.467969 0.503125 0.348437 0.034375 0.077882
0 0.0640625 0.0664062 0.053125 0.0109375 0.077917
0 0.519531 0.457812 0.342187 0.03125 0.0782418
0 0.414844 0.560938 0.301562 0.0375 0.0791964
0 0.553906 0.66875 0.360938 0.025 0.0834375
0 0.554688 0.61875 0.36875 0.0125 0.0876095
0 0.560156 0.813281 0.251563 0.0515625 0.0885295
0 0.507812 0.610937 0.39375 0.01875 0.0902383
0 0.554688 0.570312 0.365625 0.0125 0.095062
0 0.567187 0.464063 0.278125 0.01875 0.0954426
0 0.505469 0.563281 0.364062 0.0203125 0.0971803
0 0.565625 0.509375 0.309375 0.01875 0.105482
