0 0.7375 0.508594 0.365625 0.0265625 0.0703947
0 0.742188 0.455469 0.33125 0.0296875 0.0717669
0 0.164062 0.853125 0.328125 0.29375 0.0719973
0 0.776563 0.836719 0.446875 0.326562 0.0719981
0 0.421094 0.35625 0.289062 0.0625 0.0733282
0 0.415625 0.408594 0.334375 0.0515625 0.0742844
0 0.422656 0.114063 0.235938 0.121875 0.0752295
0 0.833594 0.78125 0.332812 0.4375 0.0755083
0 0.192188 0.403125 0.384375 0.159375 0.0773284
0 0.426562 0.0640625 0.278125 0.128125 0.0780278
0 0.503125 0.500781 0.38125 0.0921875 0.0793189
0 0.507031 0.449219 0.392188 0.0734375 0.0803165
0 0.178906 0.347656 0.357812 0.135937 0.0832791
0 0.825781 0.882031 0.348437 0.0796875 0.0876106
