0 0.703125 0.15625 0.396875 0.078125 0.0705154
0 0.447656 0.449219 0.360938 0.0453125 0.0712342
0 0.566406 0.650781 0.323438 0.0484375 0.0715475
0 0.510156 0.395312 0.357812 0.059375 0.0761329
0 0.4 0.158594 0.425 0.129688 0.076961
0 0.415625 0.053125 0.353125 0.10625 0.078318
0 0.5625 0.546875 0.3125 0.04375 0.0790934
0 0.564062 0.494531 0.296875 0.0546875 0.0812172
0 0.560938 0.6 0.29375 0.040625 0.0828843
0 0.403906 0.109375 0.329688 0.13125 0.0838464
0 0.565625 0.446875 0.284375 0.059375 0.0952757
