0 0.564844 0.507031 0.285937 0.0765625 0.103421
0 0.407813 0.405469 0.334375 0.0359375 0.0704566
0 0.5125 0.653125 0.334375 0.046875 0.0706321
0 0.410937 0.610156 0.290625 0.0328125 0.0711153
0 0.177344 0.551562 0.354688 0.04375 0.0729548
0 0.564062 0.363281 0.3125 0.0328125 0.0729878
0 0.410937 0.450781 0.296875 0.0359375 0.0828134
0 0.4 0.558594 0.284375 0.0515625 0.0844278
0 0.407031 0.5 0.332812 0.053125 0.0851826
0 0.561719 0.410156 0.354688 0.0484375 0.0876083
0 0.564062 0.458594 0.303125 0.0671875 0.0912822
0 0.559375 0.5625 0.275 0.053125 0.092291
0 0.564844 0.507031 0.285937 0.0765625 0.103421
