0 0.553906 0.352344 0.242188 0.0234375 0.0707311
0 0.452344 0.658594 0.282813 0.0890625 0.0711451
0 0.548437 0.500781 0.3125 0.0265625 0.0715664
0 0.496094 0.497656 0.295312 0.0609375 0.0729888
0 0.560156 0.657031 0.239063 0.0515625 0.0749569
0 0.542969 0.55625 0.320312 0.040625 0.0780754
0 0.5 0.603125 0.28125 0.053125 0.0799177
0 0.396094 0.564062 0.317187 0.078125 0.0811075
0 0.495313 0.408594 0.24375 0.0515625 0.0827099
0 0.5375 0.457031 0.925 0.779688 0.0827229
0 0.021875 0.471094 0.04375 0.0453125 0.0922801
