0 0.559375 0.305469 0.359375 0.0765625 0.0701578
0 0.154687 0.466406 0.309375 0.0484375 0.0701699
0 0.424219 0.114844 0.332812 0.0859375 0.0708809
0 0.559375 0.503906 0.296875 0.0921875 0.0714755
0 0.560156 0.207031 0.423438 0.0515625 0.0720964
0 0.560156 0.359375 0.332812 0.0625 0.0738075
0 0.447656 0.652344 0.376563 0.101562 0.0739115
0 0.510156 0.209375 0.370313 0.1 0.0776336
0 0.475 0.0609375 0.303125 0.090625 0.078704
0 0.509375 0.163281 0.425 0.0890625 0.0904907
0 0.515625 0.113281 0.390625 0.0546875 0.0972403
