0 0.544531 0.578125 0.320312 0.084375 0.105854
0 0.392969 0.470313 0.367188 0.134375 0.0700255
0 0.557031 0.365625 0.342187 0.046875 0.0708618
0 0.552344 0.71875 0.289062 0.1125 0.0734998
0 0.595312 0.567187 0.30625 0.034375 0.07676
0 0.552344 0.769531 0.332812 0.135937 0.0768913
0 0.573438 0.0625 0.2875 0.10625 0.0776247
0 0.567187 0.161719 0.365625 0.0890625 0.078329
0 0.570312 0.1125 0.29375 0.078125 0.0783715
0 0.552344 0.864844 0.342187 0.126563 0.0785396
0 0.546875 0.420312 0.36875 0.06875 0.0792119
0 0.342187 0.614062 0.39375 0.06875 0.0808916
0 0.544531 0.474219 0.367188 0.101562 0.0831239
0 0.546094 0.523438 0.320312 0.115625 0.0889822
0 0.547656 0.625781 0.342187 0.0703125 0.0950119
0 0.544531 0.578125 0.320312 0.084375 0.105854
