0 0.511719 0.447656 0.354688 0.120312 0.0702782
0 0.154687 0.046875 0.153125 0.040625 0.0709593
0 0.558594 0.40625 0.326562 0.0375 0.0716402
0 0.460938 0.402344 0.271875 0.0921875 0.0727224
0 0.378906 0.034375 0.0859375 0.06875 0.0731778
0 0.563281 0.452344 0.348437 0.0578125 0.0750236
0 0.404687 0.614062 0.328125 0.065625 0.0802042
0 0.402344 0.564844 0.335938 0.0859375 0.0806827
0 0.453125 0.503125 0.3125 0.115625 0.0809452
0 0.409375 0.453906 0.253125 0.0984375 0.0828427
0 0.401563 0.0257812 0.15 0.0515625 0.0847315
0 0.175 0.116406 0.35 0.0890625 0.0857893
