0 0.560156 0.446875 0.295312 0.625 0.102984
0 0.792188 0.453906 0.40625 0.0390625 0.0712754
0 0.827344 0.360156 0.345313 0.0359375 0.0718039
0 0.526563 0.360156 0.078125 0.0046875 0.0729245
0 0.390625 0.319531 0.334375 0.0421875 0.0734627
0 0.391406 0.420312 0.367188 0.028125 0.0846581
0 0.407031 0.352344 0.692187 0.282813 0.0849987
0 0.546094 0.365625 0.401563 0.121875 0.0884828
0 0.542969 0.424219 0.335938 0.0640625 0.0906768
0 0.439063 0.373437 0.471875 0.021875 0.0916333
0 0.560156 0.446875 0.295312 0.625 0.102984
