0 0.22998 0.254395 0.124023 0.0322266 0.100624
0 0.355469 0.751465 0.105469 0.0400391 0.10106
0 0.231934 0.195801 0.0986328 0.0263672 0.101144
0 0.80127 0.856934 0.0986328 0.0205078 0.103442
0 0.38916 0.783691 0.0849609 0.0361328 0.106374
0 0.478516 0.75293 0.113281 0.0351562 0.106749
0 0.446289 0.722168 0.117188 0.0498047 0.106821
0 0.736328 0.188477 0.130859 0.015625 0.108465
0 0.731934 0.819824 0.112305 0.0166016 0.111235
0 0.674316 0.854492 0.120117 0.0292969 0.111407
0 0.511719 0.785156 0.105469 0.0253906 0.114468
0 0.230469 0.227539 0.109375 0.03125 0.117306
0 0.516602 0.854492 0.0917969 0.0292969 0.118434
0 0.736816 0.853516 0.0986328 0.0175781 0.119712
0 0.41748 0.751953 0.108398 0.0449219 0.120826
0 0.513672 0.819336 0.101562 0.0273438 0.126598
0 0.419922 0.785156 0.0839844 0.0390625 0.128593
0 0.48291 0.820312 0.0966797 0.0332031 0.13345
0 0.479492 0.784668 0.0917969 0.0361328 0.134834
0 0.449707 0.784668 0.0849609 0.0458984 0.140671
