0 0.758301 0.54541 0.0810547 0.0400391 0.0501949
0 0.729492 0.423828 0.0898438 0.0527344 0.050282
0 0.175293 0.0415039 0.116211 0.0732422 0.0502861
0 0.730469 0.147949 0.0957031 0.0439453 0.0504001
0 0.103027 0.231934 0.129883 0.0595703 0.0505762
0 0.758301 0.670898 0.0732422 0.0351562 0.0505841
0 0.299805 0.398438 0.0410156 0.0820312 0.0506569
0 0.920898 0.100586 0.105469 0.0820312 0.0506679
0 0.218262 0.893555 0.436523 0.212891 0.0508859
0 0.101562 0.950195 0.101562 0.0957031 0.0509713
0 0.453125 0.0771484 0.130859 0.0859375 0.0509871
0 0.787598 0.29248 0.112305 0.0380859 0.0510458
0 0.730957 0.795898 0.0986328 0.0605469 0.0510655
0 0.935059 0.410645 0.129883 0.0634766 0.0510895
0 0.104004 0.509766 0.208008 0.0585938 0.0511029
0 0.689941 0.774414 0.27832 0.402344 0.051318
0 0.106445 0.352051 0.146484 0.0712891 0.0514673
0 0.945801 0.162109 0.0791016 0.324219 0.0515148
0 0.253418 0.336914 0.506836 0.447266 0.051531
0 0.76123 0.374512 0.477539 0.34668 0.051661
0 0.436523 0.104004 0.462891 0.208008 0.0518681
0 0.728027 0.57959 0.124023 0.0693359 0.051883
0 0.205566 0.0761719 0.114258 0.0703125 0.0521736
0 0.157715 0.66748 0.106445 0.0712891 0.052414
0 0.0771484 0.574219 0.154297 0.0859375 0.0526485
0 0.726074 0.45459 0.116211 0.0498047 0.0527831
0 0.875488 0.387695 0.180664 0.0625 0.0528717
0 0.779785 0.241699 0.426758 0.249023 0.0530671
0 0.0786133 0.604004 0.157227 0.0751953 0.0530862
0 0.87793 0.447754 0.169922 0.0517578 0.0531239
0 0.730469 0.889648 0.162109 0.117188 0.0533161
0 0.730469 0.546875 0.111328 0.0605469 0.0533657
0 0.770508 0.0224609 0.105469 0.0449219 0.0534343
0 0.731934 0.400879 0.0927734 0.34082 0.0534913
0 0.730957 0.516602 0.114258 0.0410156 0.0534925
0 0.947266 0.229492 0.105469 0.0683594 0.053771
0 0.878906 0.508301 0.142578 0.0517578 0.0538477
0 0.850098 0.228516 0.124023 0.0546875 0.0539663
0 0.611328 0.078125 0.146484 0.0957031 0.0540336
0 0.910645 0.635254 0.116211 0.0615234 0.0541542
0 0.267578 0.402832 0.0566406 0.291992 0.0542037
0 0.75 0.214355 0.5 0.428711 0.0544451
0 0.728516 0.485352 0.111328 0.0429688 0.054817
0 0.505371 0.925293 0.241211 0.149414 0.0549322
0 0.731934 0.553711 0.0908203 0.365234 0.0550085
0 0.0800781 0.544922 0.160156 0.0742188 0.0552881
0 0.688477 0.09375 0.355469 0.1875 0.0554863
0 0.915527 0.195801 0.104492 0.0673828 0.0556554
0 0.285156 0.419434 0.171875 0.0693359 0.0556983
0 0.795898 0.0805664 0.0878906 0.0947266 0.0562254
0 0.730469 0.642578 0.111328 0.0664062 0.0566852
0 0.730469 0.612305 0.121094 0.0585938 0.0568248
0 0.657715 0.617188 0.385742 0.378906 0.0569146
0 0.701172 0.236328 0.148438 0.0410156 0.0570995
0 0.936035 0.443848 0.12793 0.0439453 0.0572929
0 0.731934 0.117188 0.0908203 0.0546875 0.0577059
0 0.730957 0.67041 0.0966797 0.0498047 0.0577101
0 0.730469 0.270996 0.117188 0.0380859 0.0578615
0 0.906738 0.26123 0.18457 0.0576172 0.0582062
0 0.729492 0.703613 0.123047 0.0537109 0.0584389
0 0.937012 0.695801 0.125977 0.0888672 0.0587603
0 0.909668 0.476074 0.157227 0.0673828 0.0595447
0 0.0991211 0.421387 0.172852 0.0810547 0.0595664
0 0.928711 0.382812 0.142578 0.0820312 0.0598217
0 0.0786133 0.26416 0.157227 0.0849609 0.0599897
0 0.878906 0.416016 0.162109 0.0683594 0.0600248
0 0.46582 0.30127 0.603516 0.391602 0.0602945
0 0.946289 0.912598 0.107422 0.139648 0.0604469
0 0.724609 0.738281 0.136719 0.0605469 0.0606603
0 0.724609 0.768555 0.126953 0.0488281 0.0606689
0 0.757324 0.297852 0.0986328 0.0371094 0.060894
0 0.910645 0.357422 0.145508 0.0683594 0.0613305
0 0.910645 0.231934 0.116211 0.0537109 0.0615931
0 0.259277 0.92334 0.34082 0.15332 0.0617912
0 0.723145 0.806641 0.241211 0.228516 0.0618751
0 0.251953 0.702637 0.138672 0.120117 0.0622172
0 0.100098 0.324219 0.12793 0.0507812 0.0625683
0 0.335938 0.401367 0.644531 0.164062 0.0633893
0 0.911133 0.32373 0.138672 0.104492 0.0634537
0 0.285645 0.745117 0.571289 0.498047 0.063809
0 0.105469 0.385254 0.185547 0.0849609 0.0641451
0 0.100586 0.449707 0.199219 0.0888672 0.0658373
0 0.168457 0.935547 0.336914 0.128906 0.0661862
0 0.795898 0.748047 0.408203 0.261719 0.0663579
0 0.907227 0.291504 0.150391 0.0712891 0.0684044
0 0.624512 0.869141 0.467773 0.230469 0.0688678
0 0.729004 0.0825195 0.129883 0.0615234 0.0689291
0 0.691895 0.48877 0.344727 0.397461 0.0698704
0 0.412598 0.803711 0.264648 0.208984 0.0703031
0 0.401367 0.175293 0.464844 0.280273 0.0705386
0 0.731934 0.0493164 0.147461 0.0771484 0.071857
0 0.727539 0.32666 0.123047 0.0498047 0.0740919
0 0.276367 0.387695 0.150391 0.0839844 0.0764486
0 0.725098 0.299316 0.114258 0.0478516 0.0769157
0 0.274414 0.215332 0.548828 0.272461 0.0775416
0 0.254395 0.836426 0.413086 0.229492 0.0786976
0 0.650391 0.238281 0.419922 0.328125 0.0794036
0 0.322266 0.386719 0.0605469 0.0527344 0.0865155
0 0.320801 0.396973 0.0205078 0.0537109 0.125966
0 0.320801 0.396973 0.0205078 0.0537109 0.125966
