0 0.001552 0.295851 0.003380 0.003276
0 0.001735 0.317594 0.003503 0.003418
0 0.000918 0.374111 0.003196 0.003068
0 0.000260 0.399324 0.004430 0.003384
0 0.002775 0.426936 0.003965 0.002597
0 0.005053 0.750573 0.004259 0.003376
0 0.001963 0.048242 0.003851 0.003198
0 0.003374 0.173990 0.003264 0.002142
0 0.003015 0.797549 0.002993 0.002819
0 0.003094 0.817881 0.003285 0.002791
0 0.003977 0.968355 0.003441 0.002771
0 0.006669 0.194060 0.003916 0.003234
0 0.011556 0.187280 0.004293 0.003365
0 0.015268 0.188980 0.004183 0.003573
0 0.005160 0.978780 0.002951 0.002862
0 0.005646 0.406228 0.003425 0.003277
0 0.008078 0.123643 0.003677 0.003079
0 0.009113 0.850671 0.003539 0.003215
0 0.008876 0.155827 0.003287 0.002930
0 0.008657 0.250941 0.004028 0.003105
0 0.009521 0.299585 0.004571 0.003251
0 0.012873 0.885518 0.003494 0.003463
0 0.010449 0.005847 0.003070 0.002895
0 0.010736 0.741955 0.003846 0.003380
0 0.011136 0.895576 0.003309 0.003048
0 0.012627 0.865018 0.004822 0.002939
0 0.013410 0.504752 0.003167 0.002945
0 0.013653 0.584809 0.003402 0.003199
0 0.013800 0.116881 0.003415 0.003227
0 0.017146 0.311050 0.005304 0.003512
0 0.013689 0.872978 0.003752 0.003393
0 0.014716 0.591077 0.004597 0.003292
0 0.014682 0.482462 0.003097 0.002998
0 0.017566 0.799601 0.003522 0.003407
0 0.016556 0.064199 0.002940 0.002902
0 0.016991 0.336469 0.003865 0.003498
0 0.017618 0.544394 0.003586 0.003452
0 0.018308 0.146255 0.003384 0.003171
0 0.017649 0.499986 0.003286 0.003114
0 0.018449 0.207488 0.004501 0.003763
0 0.017938 0.442204 0.003298 0.003048
0 0.018391 0.673650 0.003973 0.003399
0 0.020653 0.022096 0.003371 0.003254
0 0.019338 0.040908 0.002926 0.002662
0 0.019918 0.402203 0.004436 0.003264
0 0.023277 0.414840 0.005716 0.003530
0 0.020427 0.014490 0.003437 0.002848
0 0.021395 0.644169 0.003792 0.003290
0 0.021206 0.581112 0.003203 0.002898
0 0.022034 0.031795 0.003259 0.003170
0 0.021796 0.909477 0.003094 0.002896
0 0.022262 0.352100 0.003743 0.003276
0 0.023198 0.247402 0.003361 0.003057
0 0.023737 0.793574 0.003113 0.002902
0 0.024180 0.977581 0.003307 0.002780
0 0.024081 0.501797 0.003383 0.003336
0 0.024596 0.730715 0.003496 0.003217
0 0.025445 0.361699 0.003620 0.003208
0 0.027612 0.164063 0.003479 0.003297
0 0.033853 0.159751 0.003578 0.003354
0 0.025679 0.275827 0.003178 0.003089
0 0.028384 0.129315 0.003736 0.002656
0 0.032231 0.350984 0.003531 0.003422
0 0.029559 0.855725 0.003228 0.003073
0 0.028935 0.043575 0.003253 0.003018
0 0.032002 0.104610 0.003526 0.003457
0 0.029543 0.147581 0.003701 0.003315
0 0.030172 0.151995 0.003522 0.003415
0 0.030206 0.945269 0.003396 0.003072
0 0.032881 0.919756 0.003453 0.003338
0 0.030872 0.979957 0.003028 0.002698
0 0.032573 0.722466 0.003511 0.003319
0 0.031956 0.752939 0.003182 0.003105
0 0.042366 0.424307 0.004258 0.003720
0 0.034481 0.339263 0.003441 0.003032
0 0.037970 0.869189 0.008187 0.005825
0 0.039667 0.132873 0.003215 0.002964
0 0.035764 0.133812 0.004215 0.003334
0 0.036960 0.802679 0.003618 0.002989
0 0.037911 0.437500 0.004248 0.003609
0 0.036679 0.857934 0.004648 0.003073
0 0.041450 0.622813 0.003500 0.003448
0 0.039375 0.457371 0.003515 0.003385
0 0.040618 0.940774 0.004284 0.003323
0 0.046203 0.080455 0.003291 0.003032
0 0.040948 0.081734 0.003267 0.002879
0 0.042245 0.306059 0.003378 0.003307
0 0.041877 0.585359 0.003611 0.003442
0 0.040889 0.739714 0.003447 0.003067
0 0.041719 0.511510 0.003601 0.003013
0 0.041505 0.827268 0.003380 0.003285
0 0.042713 0.236972 0.003192 0.003125
0 0.041750 0.901184 0.004744 0.003292
0 0.042554 0.334823 0.004222 0.004052
0 0.043646 0.207731 0.003385 0.003103
0 0.042966 0.388039 0.003400 0.003247
0 0.044619 0.577903 0.003510 0.003414
0 0.043977 0.861738 0.004296 0.003258
0 0.045400 0.268397 0.003316 0.003130
0 0.044068 0.272905 0.003422 0.003015
0 0.045633 0.944069 0.003329 0.003103
0 0.046656 0.104076 0.003562 0.003217
0 0.048614 0.098863 0.004306 0.003265
0 0.045938 0.452040 0.003440 0.003245
0 0.044959 0.886821 0.003857 0.003142
0 0.047015 0.092112 0.003469 0.003049
0 0.047738 0.699784 0.003830 0.003269
0 0.047601 0.695056 0.004447 0.003320
0 0.052581 0.699355 0.003583 0.003427
0 0.047688 0.754835 0.003599 0.003037
0 0.050569 0.626430 0.003526 0.003518
0 0.050796 0.874107 0.008476 0.004351
0 0.051025 0.202819 0.004097 0.003399
0 0.052568 0.232033 0.002984 0.002901
0 0.053700 0.428275 0.006431 0.003610
0 0.052469 0.481836 0.003966 0.003345
0 0.053142 0.575748 0.003667 0.003162
0 0.053304 0.940697 0.003547 0.003189
0 0.053598 0.492376 0.003580 0.003319
0 0.055567 0.673287 0.003486 0.003379
0 0.053486 0.921895 0.003098 0.002951
0 0.053934 0.349627 0.003384 0.003064
0 0.053830 0.990940 0.003929 0.003231
0 0.053951 0.182627 0.003066 0.002943
0 0.055290 0.885518 0.003266 0.003027
0 0.056972 0.757370 0.003454 0.003169
0 0.057637 0.465676 0.003585 0.003413
0 0.060387 0.469179 0.003657 0.003266
0 0.062726 0.729643 0.005773 0.003457
0 0.056942 0.729644 0.004400 0.002981
0 0.057380 0.959001 0.003281 0.003178
0 0.063251 0.844653 0.005840 0.003701
0 0.058778 0.776343 0.003533 0.003102
0 0.059155 0.567371 0.003243 0.003101
0 0.060606 0.818507 0.003727 0.003376
0 0.061707 0.319455 0.003364 0.003211
0 0.060912 0.652807 0.003450 0.003201
0 0.061226 0.094853 0.003432 0.002705
0 0.062364 0.992409 0.003152 0.003047
0 0.062157 0.793905 0.003309 0.003082
0 0.062877 0.977855 0.005462 0.003044
0 0.062838 0.020206 0.003031 0.002708
0 0.063676 0.613728 0.003422 0.003083
0 0.064612 0.546223 0.003640 0.003279
0 0.064666 0.311391 0.003446 0.003268
0 0.065150 0.875513 0.003809 0.003369
0 0.066341 0.739998 0.003606 0.003199
0 0.066540 0.303365 0.003281 0.002961
0 0.066169 0.144670 0.003773 0.003118
0 0.067718 0.819898 0.003526 0.003440
0 0.066991 0.963713 0.003387 0.003186
0 0.067233 0.009199 0.003078 0.002944
0 0.067864 0.501446 0.004354 0.003546
0 0.070255 0.650624 0.004048 0.003451
0 0.068709 0.888682 0.003905 0.003534
0 0.069103 0.395106 0.003461 0.003315
0 0.069696 0.718698 0.007990 0.004959
0 0.069369 0.669547 0.003549 0.003457
0 0.069467 0.936208 0.003542 0.003275
0 0.069380 0.440241 0.003682 0.003415
0 0.069642 0.776004 0.003712 0.003098
0 0.072995 0.810683 0.003505 0.003437
0 0.073664 0.205323 0.003087 0.002972
0 0.073947 0.415212 0.004525 0.003563
0 0.074676 0.842137 0.004664 0.003806
0 0.073898 0.929176 0.007038 0.003669
0 0.077186 0.846361 0.003832 0.003137
0 0.074730 0.849549 0.004104 0.003428
0 0.075327 0.703318 0.004679 0.003631
0 0.075284 0.663672 0.003864 0.003383
0 0.076417 0.943993 0.003543 0.003247
0 0.080808 0.946084 0.003343 0.003107
0 0.076345 0.467833 0.003321 0.003217
0 0.077202 0.725906 0.003520 0.003334
0 0.080325 0.723111 0.003263 0.003165
0 0.076342 0.136802 0.003363 0.003059
0 0.076526 0.531537 0.003535 0.003166
0 0.094942 0.298984 0.013716 0.004754
0 0.102662 0.287345 0.003686 0.003588
0 0.084854 0.860662 0.003475 0.003412
0 0.082864 0.868981 0.002781 0.002393
0 0.080667 0.519917 0.003322 0.003232
0 0.080059 0.933948 0.003526 0.003142
0 0.081389 0.271987 0.004344 0.003570
0 0.084621 0.670854 0.004024 0.003143
0 0.083178 0.666546 0.005581 0.003689
0 0.084070 0.241518 0.003538 0.003281
0 0.084621 0.282387 0.003857 0.002726
0 0.083546 0.969893 0.003461 0.003111
0 0.086505 0.974413 0.003638 0.003356
0 0.083757 0.193241 0.003414 0.003106
0 0.085130 0.540818 0.005891 0.003243
0 0.085227 0.155874 0.005654 0.002881
0 0.085499 0.772015 0.003484 0.003214
0 0.086495 0.054225 0.003159 0.002999
0 0.087207 0.456144 0.003676 0.003480
0 0.087265 0.198003 0.004017 0.003325
0 0.087364 0.816909 0.004037 0.003659
0 0.088574 0.925129 0.005343 0.003413
0 0.088860 0.247713 0.003331 0.003122
0 0.090347 0.495733 0.003529 0.003382
0 0.087855 0.499470 0.003213 0.002589
0 0.089140 0.722863 0.003426 0.003175
0 0.088752 0.946614 0.003476 0.003071
0 0.099317 0.264115 0.010555 0.004244
0 0.091386 0.875448 0.005685 0.004514
0 0.093328 0.880967 0.003634 0.003146
0 0.095943 0.973216 0.003241 0.003087
0 0.094495 0.977117 0.004873 0.003440
0 0.096839 0.902192 0.003514 0.003383
0 0.100503 0.906142 0.003468 0.003029
0 0.106457 0.449236 0.006647 0.003548
0 0.097044 0.442902 0.004150 0.002393
0 0.113703 0.445877 0.003258 0.002737
0 0.099458 0.515207 0.003657 0.003441
0 0.097877 0.716392 0.003643 0.003342
0 0.099377 0.570193 0.003711 0.003308
0 0.099365 0.575271 0.004201 0.003675
0 0.098223 0.989485 0.004074 0.002874
0 0.099099 0.233708 0.003335 0.003144
0 0.112278 0.833953 0.006124 0.003730
0 0.104889 0.835143 0.004508 0.002878
0 0.111675 0.847842 0.004113 0.002823
0 0.100190 0.873464 0.004643 0.003884
0 0.101871 0.692389 0.003536 0.003490
0 0.101544 0.074132 0.003294 0.003197
0 0.100635 0.317184 0.006794 0.004387
0 0.103844 0.313504 0.003463 0.003338
0 0.102268 0.911601 0.004049 0.003497
0 0.103207 0.079745 0.003722 0.003537
0 0.103590 0.000247 0.003166 0.002706
0 0.103522 0.361205 0.006048 0.003541
0 0.104471 0.088151 0.003153 0.003005
0 0.105499 0.199844 0.003325 0.003222
0 0.106995 0.529190 0.003643 0.003451
0 0.106438 0.580042 0.003768 0.003204
0 0.105821 0.955274 0.003485 0.003308
0 0.105942 0.062106 0.003535 0.002876
0 0.106610 0.560979 0.003645 0.003353
0 0.108330 0.386771 0.003408 0.003341
0 0.110742 0.592576 0.004229 0.003481
0 0.108511 0.724532 0.003727 0.003374
0 0.108910 0.747341 0.003277 0.003271
0 0.112590 0.072353 0.004253 0.003659
0 0.108886 0.071732 0.006198 0.003242
0 0.110251 0.963988 0.003303 0.002914
0 0.110099 0.085688 0.003529 0.003218
0 0.110678 0.417929 0.003936 0.003067
0 0.111684 0.398508 0.003428 0.003098
0 0.111211 0.854139 0.003652 0.003138
0 0.112958 0.160626 0.003160 0.003007
0 0.112764 0.497939 0.003540 0.003190
0 0.113223 0.710033 0.004051 0.003684
0 0.113889 0.915217 0.003522 0.003438
0 0.113963 0.876635 0.003919 0.003793
0 0.114026 0.903120 0.003504 0.003087
0 0.114391 0.921794 0.004006 0.003297
0 0.118013 0.306165 0.005960 0.003601
0 0.116149 0.549788 0.009226 0.004959
0 0.122355 0.554290 0.005526 0.004924
0 0.115149 0.566738 0.003343 0.002994
0 0.115520 0.743836 0.004061 0.003885
0 0.116114 0.862596 0.003556 0.003184
0 0.123125 0.812235 0.003437 0.003328
0 0.117796 0.813501 0.003717 0.003415
0 0.116051 0.808852 0.003590 0.003471
0 0.117872 0.965350 0.004444 0.003388
0 0.117205 0.610693 0.003393 0.003200
0 0.118872 0.010984 0.003686 0.003201
0 0.118682 0.016459 0.006251 0.003871
0 0.117792 0.432989 0.003079 0.003017
0 0.119444 0.625120 0.003593 0.003471
0 0.119293 0.878598 0.003754 0.003438
0 0.121671 0.151316 0.003219 0.003131
0 0.121734 0.677615 0.003491 0.003183
0 0.122762 0.674235 0.003829 0.003399
0 0.122384 0.033376 0.003192 0.002908
0 0.124028 0.909028 0.003626 0.003400
0 0.123776 0.251440 0.005329 0.003706
0 0.125897 0.299067 0.003565 0.003415
0 0.125029 0.177515 0.003618 0.003416
0 0.127347 0.310384 0.003799 0.003461
0 0.126774 0.694296 0.004500 0.003750
0 0.130886 0.692640 0.004412 0.002942
0 0.127141 0.189094 0.003430 0.002869
0 0.126664 0.997043 0.004215 0.003865
0 0.128399 0.094771 0.003306 0.003236
0 0.132588 0.950848 0.004119 0.003411
0 0.127792 0.955774 0.003945 0.003581
0 0.128825 0.457557 0.003686 0.003063
0 0.129799 0.416443 0.003347 0.003037
0 0.130811 0.286586 0.003545 0.003320
0 0.130482 0.817570 0.004061 0.003890
0 0.130827 0.125557 0.003410 0.002878
0 0.141135 0.438612 0.005815 0.003862
0 0.134729 0.432467 0.004328 0.003455
0 0.139715 0.903144 0.003416 0.003359
0 0.133266 0.906133 0.003979 0.003405
0 0.133349 0.806068 0.004581 0.003627
0 0.134774 0.868560 0.003632 0.003525
0 0.133765 0.645157 0.003283 0.003220
0 0.134017 0.985607 0.003581 0.003311
0 0.136027 0.721340 0.005356 0.003502
0 0.133066 0.717560 0.004281 0.002593
0 0.135642 0.938808 0.004932 0.004157
0 0.135245 0.897263 0.004072 0.003331
0 0.135474 0.222872 0.003528 0.003334
0 0.136880 0.681345 0.003606 0.003520
0 0.136379 0.700532 0.004462 0.003559
0 0.139546 0.703214 0.003024 0.002383
0 0.143779 0.987468 0.002751 0.002357
0 0.138451 0.517626 0.003457 0.003360
0 0.139596 0.613907 0.006806 0.002966
0 0.139808 0.716285 0.004538 0.004008
0 0.139941 0.919732 0.004333 0.003808
0 0.143733 0.921617 0.005389 0.003315
0 0.149126 0.242500 0.003842 0.003766
0 0.141759 0.237742 0.006603 0.004018
0 0.142177 0.300151 0.003865 0.003252
0 0.146562 0.299902 0.004504 0.003223
0 0.142830 0.404150 0.003599 0.003392
0 0.142604 0.502673 0.003408 0.002985
0 0.144276 0.463832 0.003426 0.003371
0 0.143600 0.981871 0.003327 0.003091
0 0.145139 0.702135 0.003695 0.003290
0 0.144638 0.626510 0.003740 0.003342
0 0.145553 0.576199 0.003279 0.003141
0 0.147753 0.518590 0.003791 0.003311
0 0.148454 0.620983 0.003565 0.003286
0 0.149135 0.377787 0.003655 0.003368
0 0.148422 0.823644 0.003813 0.003536
0 0.150173 0.819808 0.004137 0.003784
0 0.149463 0.923020 0.003431 0.003350
0 0.149873 0.736372 0.008401 0.004621
0 0.150388 0.813541 0.004139 0.003615
0 0.150623 0.428911 0.003348 0.003051
0 0.152371 0.170518 0.003283 0.003198
0 0.154720 0.327878 0.003513 0.003423
0 0.154335 0.860972 0.003567 0.003501
0 0.156034 0.814738 0.004113 0.003576
0 0.156512 0.941589 0.004740 0.003292
0 0.163805 0.119935 0.003865 0.003351
0 0.157348 0.124074 0.004615 0.003410
0 0.156426 0.867278 0.003819 0.003326
0 0.157179 0.276449 0.003418 0.003010
0 0.158260 0.748901 0.003715 0.003422
0 0.163340 0.751668 0.006373 0.003624
0 0.169335 0.752053 0.005892 0.004423
0 0.157904 0.846235 0.004316 0.003297
0 0.162239 0.843683 0.006628 0.004036
0 0.159580 0.252888 0.003691 0.003219
0 0.161722 0.531696 0.003487 0.003374
0 0.161062 0.443876 0.003755 0.003287
0 0.161365 0.059069 0.005556 0.003236
0 0.162626 0.004541 0.003474 0.003272
0 0.164450 0.725523 0.004662 0.002901
0 0.162963 0.735166 0.003807 0.003336
0 0.164438 0.432939 0.003852 0.003452
0 0.164418 0.835658 0.003795 0.003575
0 0.166123 0.319337 0.003463 0.003219
0 0.166701 0.387855 0.003304 0.003069
0 0.168847 0.983417 0.003531 0.003322
0 0.167513 0.696447 0.004637 0.003748
0 0.167769 0.031172 0.003047 0.002885
0 0.175822 0.235302 0.003559 0.003435
0 0.169648 0.234461 0.004315 0.003643
0 0.168974 0.302131 0.004730 0.003680
0 0.170041 0.781676 0.003599 0.003446
0 0.171839 0.664389 0.004573 0.003378
0 0.173246 0.670610 0.005096 0.003235
0 0.171404 0.400936 0.003264 0.003211
0 0.172969 0.515702 0.003469 0.003417
0 0.171454 0.105576 0.003186 0.003091
0 0.171555 0.635728 0.003960 0.003311
0 0.173099 0.839441 0.003569 0.002541
0 0.173176 0.117879 0.003522 0.003346
0 0.173138 0.553074 0.003302 0.002990
0 0.176277 0.003656 0.003459 0.003441
0 0.174602 0.875892 0.003875 0.003292
0 0.176825 0.101853 0.003550 0.003367
0 0.178453 0.053095 0.003078 0.003021
0 0.179959 0.985704 0.004182 0.003650
0 0.178959 0.738561 0.004277 0.003506
0 0.178233 0.529320 0.003220 0.003026
0 0.181297 0.456304 0.003368 0.003160
0 0.189129 0.676698 0.004800 0.003655
0 0.201285 0.674377 0.006392 0.003279
0 0.183169 0.622731 0.003500 0.003448
0 0.181519 0.330149 0.003552 0.003407
0 0.182623 0.478979 0.003798 0.003296
0 0.181895 0.069430 0.003334 0.003006
0 0.181492 0.009742 0.003556 0.002962
0 0.185263 0.879359 0.003505 0.003442
0 0.182826 0.543309 0.003690 0.003364
0 0.185156 0.808041 0.004922 0.002945
0 0.189773 0.811169 0.003686 0.003357
0 0.184668 0.167408 0.003421 0.003143
0 0.183923 0.848427 0.003344 0.003183
0 0.184688 0.584485 0.005331 0.003497
0 0.185106 0.611140 0.004169 0.003644
0 0.185406 0.893181 0.003444 0.003053
0 0.185827 0.733407 0.003762 0.003677
0 0.187121 0.142667 0.003523 0.003343
0 0.188165 0.600457 0.003718 0.003474
0 0.188088 0.035025 0.003348 0.002923
0 0.188355 0.243427 0.003830 0.003405
0 0.189204 0.772663 0.005971 0.003332
0 0.189355 0.940906 0.003913 0.003754
0 0.191365 0.215257 0.003660 0.003388
0 0.191014 0.570672 0.003673 0.003426
0 0.192534 0.093094 0.003106 0.002982
0 0.195974 0.759556 0.003711 0.003386
0 0.196933 0.797302 0.012446 0.008106
0 0.199639 0.192540 0.003817 0.003505
0 0.204721 0.197505 0.004129 0.003567
0 0.194603 0.985907 0.003902 0.003275
0 0.200184 0.277629 0.003333 0.003219
0 0.195082 0.746507 0.003857 0.003580
0 0.195562 0.604357 0.003808 0.003431
0 0.195905 0.030188 0.003357 0.003131
0 0.197152 0.717514 0.003366 0.001755
0 0.199561 0.752111 0.008046 0.004497
0 0.199276 0.481407 0.003359 0.003303
0 0.200227 0.829397 0.003598 0.003303
0 0.199695 0.954535 0.003286 0.003199
0 0.200964 0.284885 0.004324 0.003332
0 0.200632 0.490580 0.003573 0.003180
0 0.202633 0.879394 0.003391 0.003143
0 0.203641 0.686732 0.003680 0.003511
0 0.206362 0.023413 0.003537 0.003433
0 0.203524 0.569656 0.005026 0.003426
0 0.205498 0.720171 0.003521 0.003463
0 0.205602 0.383220 0.003637 0.003178
0 0.205895 0.270631 0.004313 0.003897
0 0.205726 0.578597 0.003627 0.003039
0 0.206207 0.002222 0.003668 0.002999
0 0.206179 0.427964 0.003203 0.003078
0 0.206366 0.600838 0.003753 0.003019
0 0.207249 0.952309 0.003764 0.003471
0 0.207918 0.525167 0.004283 0.003230
0 0.208069 0.908020 0.003200 0.002990
0 0.207861 0.403080 0.004612 0.003169
0 0.209135 0.831553 0.003270 0.003152
0 0.212225 0.728077 0.005397 0.003273
0 0.210766 0.563917 0.005609 0.003675
0 0.212178 0.347013 0.005325 0.003199
0 0.216697 0.353619 0.003725 0.003376
0 0.213024 0.339980 0.005065 0.004263
0 0.211041 0.543404 0.003438 0.003207
0 0.210428 0.077830 0.003378 0.002740
0 0.214550 0.128153 0.004135 0.003295
0 0.214843 0.161688 0.003588 0.003491
0 0.213935 0.497215 0.003415 0.003216
0 0.214424 0.185175 0.006163 0.001987
0 0.214763 0.193457 0.004279 0.003372
0 0.218105 0.227018 0.004450 0.003509
0 0.217961 0.220585 0.003950 0.003229
0 0.215087 0.909772 0.003572 0.003401
0 0.215205 0.134752 0.003577 0.003360
0 0.216108 0.201330 0.004254 0.003894
0 0.227441 0.617096 0.004711 0.004063
0 0.238226 0.626047 0.003004 0.002217
0 0.217123 0.555127 0.004063 0.003068
0 0.217750 0.026318 0.004395 0.002989
0 0.217274 0.896434 0.004592 0.003411
0 0.220229 0.718417 0.003404 0.003378
0 0.219859 0.667741 0.004551 0.003217
0 0.220408 0.959503 0.003774 0.003175
0 0.219912 0.966518 0.003592 0.003237
0 0.221430 0.766587 0.004119 0.003187
0 0.221645 0.146940 0.003458 0.003249
0 0.220780 0.575616 0.004830 0.003555
0 0.221874 0.305406 0.003503 0.003220
0 0.223263 0.444259 0.003648 0.003359
0 0.230827 0.196595 0.003977 0.003598
0 0.225638 0.199911 0.004367 0.003642
0 0.225608 0.044915 0.003521 0.003289
0 0.226555 0.732012 0.004061 0.003535
0 0.227701 0.118067 0.003378 0.003034
0 0.228192 0.463378 0.004454 0.003113
0 0.229009 0.807761 0.004127 0.003446
0 0.228573 0.890101 0.003390 0.003211
0 0.229278 0.953478 0.003333 0.003290
0 0.229426 0.443295 0.003744 0.003298
0 0.231263 0.540887 0.004118 0.003668
0 0.233830 0.312542 0.003607 0.003451
0 0.233355 0.934180 0.005217 0.003854
0 0.234246 0.356042 0.003647 0.003582
0 0.233120 0.360661 0.004059 0.002802
0 0.233555 0.674591 0.003951 0.003347
0 0.233695 0.872485 0.003428 0.003209
0 0.235932 0.447739 0.003490 0.003415
0 0.235770 0.139139 0.003706 0.003192
0 0.238578 0.719250 0.003640 0.003588
0 0.238506 0.927620 0.004515 0.003195
0 0.236820 0.949289 0.003339 0.003182
0 0.239631 0.736446 0.004846 0.003573
0 0.245318 0.740873 0.011407 0.005840
0 0.238537 0.518528 0.003046 0.002899
0 0.241550 0.178070 0.003615 0.003415
0 0.242178 0.174342 0.003265 0.003089
0 0.240152 0.537601 0.003340 0.003037
0 0.241999 0.275242 0.003404 0.003340
0 0.246263 0.276091 0.003491 0.003204
0 0.243654 0.271713 0.003613 0.003342
0 0.242377 0.602744 0.004160 0.003530
0 0.242114 0.346031 0.003575 0.003402
0 0.242443 0.424739 0.003500 0.003243
0 0.242890 0.125050 0.003795 0.003337
0 0.243623 0.380109 0.003455 0.003267
0 0.244354 0.069700 0.003360 0.003245
0 0.244824 0.651293 0.004226 0.003192
0 0.246307 0.844377 0.003683 0.003441
0 0.247779 0.105392 0.003533 0.003361
0 0.245104 0.101829 0.003263 0.003174
0 0.245688 0.235921 0.004492 0.003423
0 0.246199 0.264916 0.003579 0.003339
0 0.245942 0.324677 0.003623 0.003251
0 0.246637 0.797526 0.003444 0.003181
0 0.248820 0.605656 0.003003 0.002682
0 0.249245 0.823895 0.003828 0.003105
0 0.257032 0.173775 0.005449 0.003233
0 0.250817 0.988219 0.004249 0.003183
0 0.250505 0.086921 0.003446 0.003294
0 0.250313 0.030201 0.003359 0.002999
0 0.251219 0.453030 0.004010 0.003243
0 0.252182 0.525429 0.003623 0.003517
0 0.253100 0.901684 0.003507 0.003218
0 0.254748 0.733457 0.003922 0.003632
0 0.254889 0.315651 0.003207 0.003149
0 0.255759 0.350154 0.005102 0.003359
0 0.256152 0.727550 0.004457 0.003340
0 0.257606 0.921467 0.006272 0.003320
0 0.255491 0.255134 0.003675 0.003354
0 0.256010 0.984799 0.003128 0.003074
0 0.256465 0.045447 0.003467 0.003215
0 0.255669 0.694809 0.003325 0.003068
0 0.256286 0.949869 0.003606 0.003482
0 0.258313 0.597408 0.004834 0.003584
0 0.258189 0.575285 0.003873 0.003200
0 0.260290 0.411193 0.006886 0.004322
0 0.262522 0.057880 0.003469 0.003427
0 0.262345 0.051691 0.004644 0.003443
0 0.261134 0.688315 0.003450 0.003278
0 0.261548 0.825627 0.004211 0.003558
0 0.261458 0.064414 0.003445 0.003179
0 0.264716 0.244849 0.004245 0.003659
0 0.261974 0.238865 0.003766 0.003513
0 0.266771 0.014781 0.003435 0.003254
0 0.263557 0.018615 0.006440 0.003340
0 0.266330 0.556676 0.005370 0.004100
0 0.268040 0.739385 0.004269 0.003514
0 0.268766 0.940830 0.003471 0.003385
0 0.268687 0.044412 0.004256 0.003650
0 0.268056 0.441228 0.003467 0.003237
0 0.267948 0.984724 0.003492 0.003215
0 0.269082 0.567260 0.003487 0.003313
0 0.268452 0.081405 0.003484 0.003237
0 0.268874 0.421800 0.003237 0.003144
0 0.269893 0.222792 0.003569 0.003327
0 0.270479 0.075876 0.003877 0.003315
0 0.272130 0.018863 0.006690 0.004698
0 0.273254 0.796934 0.003854 0.003262
0 0.272598 0.445840 0.004098 0.003043
0 0.273486 0.516248 0.003525 0.003399
0 0.274108 0.285612 0.003525 0.003411
0 0.272962 0.183342 0.004177 0.003346
0 0.273274 0.177800 0.003713 0.003643
0 0.274677 0.372983 0.003490 0.003384
0 0.274644 0.806176 0.003610 0.003213
0 0.276033 0.063757 0.006934 0.003508
0 0.281127 0.241063 0.004396 0.002855
0 0.279008 0.245892 0.006046 0.003764
0 0.275079 0.239563 0.003584 0.003224
0 0.276428 0.299641 0.004725 0.003746
0 0.275525 0.879289 0.003574 0.003298
0 0.281502 0.916104 0.008729 0.003356
0 0.278356 0.977436 0.004415 0.003046
0 0.278878 0.455517 0.003159 0.003006
0 0.280246 0.336266 0.003496 0.003339
0 0.279618 0.400004 0.004614 0.003507
0 0.281101 0.037901 0.003716 0.003425
0 0.280204 0.692559 0.003402 0.003216
0 0.279857 0.899136 0.003743 0.003060
0 0.284713 0.058380 0.003949 0.003326
0 0.285045 0.167098 0.003361 0.003200
0 0.285060 0.590871 0.003797 0.003502
0 0.286152 0.325075 0.006336 0.003347
0 0.287155 0.828193 0.003494 0.003319
0 0.287285 0.840536 0.003824 0.003344
0 0.287261 0.937695 0.003645 0.003167
0 0.287154 0.316541 0.004080 0.003422
0 0.287702 0.121048 0.007156 0.004117
0 0.288844 0.214771 0.004204 0.003366
0 0.289705 0.741536 0.003766 0.003469
0 0.290902 0.473190 0.003688 0.003382
0 0.296152 0.476089 0.004834 0.003695
0 0.289561 0.408520 0.003597 0.003154
0 0.290212 0.576181 0.003679 0.003113
0 0.293029 0.696417 0.003580 0.003408
0 0.293550 0.238326 0.003998 0.003368
0 0.294296 0.207941 0.005184 0.004649
0 0.294882 0.994096 0.003617 0.003277
0 0.294415 0.031369 0.003864 0.003193
0 0.295219 0.540494 0.003896 0.003390
0 0.296901 0.017738 0.004441 0.003718
0 0.304863 0.143962 0.004205 0.004075
0 0.317290 0.145525 0.006164 0.004216
0 0.304883 0.150340 0.004024 0.003473
0 0.297680 0.154215 0.003123 0.002863
0 0.311252 0.138833 0.003829 0.002525
0 0.323911 0.148094 0.002850 0.002315
0 0.296945 0.501314 0.004322 0.003620
0 0.296736 0.952531 0.003148 0.003059
0 0.298827 0.299579 0.003706 0.003584
0 0.297745 0.555584 0.003654 0.003197
0 0.298737 0.066684 0.006614 0.004950
0 0.297799 0.171748 0.003548 0.003359
0 0.299763 0.912214 0.003518 0.003425
0 0.299292 0.402730 0.003553 0.003275
0 0.299805 0.831608 0.003235 0.002971
0 0.301905 0.031147 0.003892 0.003516
0 0.303125 0.112757 0.003691 0.003597
0 0.303438 0.117755 0.003432 0.003268
0 0.304451 0.374762 0.003482 0.003387
0 0.304320 0.452047 0.004195 0.003477
0 0.305058 0.328729 0.003770 0.003251
0 0.305579 0.905896 0.003716 0.003169
0 0.306242 0.225988 0.004789 0.003835
0 0.307712 0.131899 0.003730 0.003518
0 0.320737 0.199293 0.003863 0.003542
0 0.309772 0.193805 0.003950 0.003594
0 0.314619 0.195339 0.006573 0.004318
0 0.308917 0.412627 0.003328 0.003118
0 0.309609 0.031113 0.003678 0.003242
0 0.309411 0.485525 0.005663 0.003687
0 0.311554 0.489455 0.006443 0.003640
0 0.311326 0.775844 0.010712 0.003696
0 0.312437 0.785113 0.003456 0.003319
0 0.310372 0.668076 0.003709 0.003273
0 0.310682 0.689909 0.004176 0.003428
0 0.316337 0.503369 0.003572 0.003525
0 0.310959 0.505122 0.003437 0.003285
0 0.313551 0.965744 0.003501 0.003442
0 0.312037 0.044530 0.004337 0.003401
0 0.312493 0.955439 0.003774 0.003461
0 0.311916 0.447686 0.005560 0.003266
0 0.313292 0.075896 0.003686 0.003329
0 0.313098 0.680157 0.003418 0.003340
0 0.317033 0.682640 0.004217 0.003331
0 0.314794 0.481748 0.004074 0.003544
0 0.315934 0.133512 0.005370 0.004389
0 0.315903 0.410933 0.004749 0.003537
0 0.330330 0.398164 0.026715 0.006889
0 0.316180 0.992122 0.003673 0.003279
0 0.315594 0.017435 0.003167 0.002952
0 0.317016 0.578560 0.004375 0.003428
0 0.316917 0.402549 0.004168 0.003502
0 0.318848 0.641762 0.003852 0.003477
0 0.322502 0.638403 0.005252 0.003427
0 0.318582 0.493934 0.003652 0.003529
0 0.319557 0.910370 0.003394 0.003368
0 0.324259 0.908116 0.003791 0.003245
0 0.318613 0.795020 0.003714 0.003242
0 0.319485 0.780687 0.004330 0.003755
0 0.321070 0.788503 0.003476 0.003384
0 0.320440 0.052018 0.003582 0.003312
0 0.320227 0.098209 0.005056 0.003449
0 0.320869 0.984550 0.003550 0.003187
0 0.324300 0.213001 0.003253 0.003055
0 0.323880 0.136536 0.004301 0.003679
0 0.324447 0.970833 0.003611 0.003341
0 0.326536 0.597472 0.003668 0.003214
0 0.328853 0.755433 0.004798 0.003321
0 0.326974 0.416840 0.003463 0.003379
0 0.326840 0.663181 0.003303 0.003213
0 0.329353 0.132256 0.003702 0.003549
0 0.328148 0.163827 0.003614 0.003368
0 0.329224 0.100619 0.004183 0.003352
0 0.329413 0.258513 0.004417 0.003575
0 0.329393 0.188743 0.003607 0.003271
0 0.336325 0.643640 0.004108 0.003386
0 0.330936 0.156414 0.005049 0.003787
0 0.331397 0.923039 0.003347 0.003162
0 0.333249 0.936438 0.003373 0.003312
0 0.331481 0.932593 0.003528 0.002771
0 0.332841 0.862517 0.003273 0.003158
0 0.335356 0.972216 0.003632 0.003080
0 0.334390 0.340299 0.003552 0.003418
0 0.334371 0.221373 0.004135 0.003359
0 0.335109 0.668833 0.004643 0.003602
0 0.336082 0.993297 0.006880 0.003584
0 0.338035 0.790892 0.005881 0.003406
0 0.339683 0.003086 0.003392 0.003248
0 0.338966 0.284448 0.003806 0.003219
0 0.338493 0.814750 0.003852 0.003362
0 0.342735 0.219413 0.003908 0.003526
0 0.342950 0.227310 0.005323 0.003580
0 0.340612 0.731433 0.003788 0.003392
0 0.341940 0.655815 0.005831 0.003472
0 0.342968 0.487732 0.003415 0.003347
0 0.343966 0.492158 0.004042 0.003441
0 0.347319 0.486262 0.003288 0.003085
0 0.342549 0.163823 0.003698 0.003430
0 0.342237 0.693214 0.003799 0.003562
0 0.349498 0.782854 0.006991 0.003466
0 0.344935 0.778988 0.003600 0.002693
0 0.345842 0.371210 0.003487 0.003354
0 0.349852 0.369340 0.003434 0.003219
0 0.351621 0.373002 0.003438 0.003128
0 0.346601 0.743269 0.003826 0.003333
0 0.346786 0.634415 0.003634 0.003229
0 0.347889 0.462941 0.003545 0.003413
0 0.347568 0.651199 0.004425 0.003540
0 0.347074 0.866553 0.003832 0.003382
0 0.350301 0.024386 0.003842 0.003415
0 0.350455 0.919812 0.003713 0.003372
0 0.349954 0.411951 0.004101 0.003765
0 0.361793 0.160495 0.003989 0.003852
0 0.353218 0.821801 0.003417 0.003301
0 0.353123 0.189659 0.004057 0.003754
0 0.360634 0.037817 0.004895 0.003329
0 0.354292 0.985544 0.003189 0.003107
0 0.359811 0.222417 0.005163 0.003583
0 0.362227 0.231835 0.004011 0.003909
0 0.359254 0.939234 0.005445 0.003891
0 0.355712 0.936059 0.003576 0.003352
0 0.357039 0.595950 0.003389 0.003303
0 0.356832 0.751285 0.003355 0.003126
0 0.363214 0.717466 0.003575 0.003458
0 0.359144 0.719214 0.003456 0.003370
0 0.361848 0.725545 0.003659 0.003272
0 0.357853 0.096105 0.003484 0.003315
0 0.358917 0.352379 0.003627 0.002506
0 0.363312 0.687611 0.005537 0.003499
0 0.358795 0.888293 0.003901 0.003076
0 0.360668 0.658097 0.003476 0.003371
0 0.360180 0.563711 0.003898 0.003779
0 0.360488 0.002458 0.004082 0.003304
0 0.362143 0.210043 0.004240 0.003051
0 0.366168 0.213262 0.003834 0.003720
0 0.360738 0.790970 0.003590 0.003229
0 0.362388 0.781586 0.004004 0.003697
0 0.364324 0.663868 0.005805 0.003585
0 0.363879 0.143973 0.003501 0.003342
0 0.364640 0.678546 0.004040 0.003540
0 0.364793 0.293274 0.003700 0.003274
0 0.365675 0.312351 0.003438 0.003355
0 0.365496 0.808092 0.003281 0.003200
0 0.365671 0.005428 0.003818 0.003422
0 0.366439 0.030031 0.003900 0.003622
0 0.366762 0.579803 0.004061 0.003326
0 0.369108 0.911994 0.003497 0.003296
0 0.370812 0.062675 0.003392 0.003359
0 0.370041 0.602527 0.004067 0.003688
0 0.378825 0.561213 0.004598 0.003422
0 0.370329 0.559558 0.003468 0.003401
0 0.371679 0.208834 0.004625 0.003446
0 0.384154 0.770614 0.003738 0.003482
0 0.373824 0.773835 0.005322 0.003822
0 0.390857 0.766993 0.005061 0.004422
0 0.371589 0.118326 0.003497 0.003094
0 0.373070 0.467245 0.003493 0.003379
0 0.374814 0.344207 0.003471 0.003324
0 0.373978 0.782957 0.003337 0.003247
0 0.374636 0.943063 0.003531 0.003329
0 0.375828 0.620656 0.003807 0.003306
0 0.376889 0.628899 0.003463 0.003368
0 0.379390 0.425346 0.004768 0.003302
0 0.378331 0.473498 0.003276 0.002981
0 0.378836 0.988878 0.004164 0.003291
0 0.379432 0.223196 0.003759 0.003647
0 0.379446 0.088338 0.004571 0.003948
0 0.380507 0.690785 0.003451 0.003323
0 0.380665 0.965476 0.003535 0.003406
0 0.378905 0.969698 0.003729 0.003188
0 0.381126 0.460270 0.003498 0.003282
0 0.381250 0.114113 0.003506 0.003216
0 0.381829 0.981000 0.003897 0.003641
0 0.385985 0.307575 0.003639 0.003443
0 0.386075 0.949062 0.005210 0.003540
0 0.384181 0.092016 0.003677 0.003216
0 0.384050 0.262157 0.003142 0.003037
0 0.385576 0.577571 0.003492 0.003414
0 0.385464 0.970171 0.003655 0.003411
0 0.386503 0.880807 0.006590 0.004323
0 0.385540 0.707816 0.003761 0.003460
0 0.385904 0.022478 0.004224 0.003540
0 0.387903 0.842132 0.003413 0.003376
0 0.387411 0.219200 0.003890 0.003535
0 0.390762 0.385151 0.003356 0.003141
0 0.387827 0.388410 0.003768 0.003476
0 0.393115 0.136713 0.003560 0.003460
0 0.390208 0.440182 0.007284 0.003855
0 0.390803 0.269357 0.003600 0.003298
0 0.391305 0.448588 0.004593 0.003667
0 0.393859 0.041316 0.003515 0.003453
0 0.392642 0.487212 0.003738 0.003491
0 0.396030 0.611422 0.003511 0.003480
0 0.394002 0.696423 0.003242 0.003152
0 0.396027 0.011623 0.003390 0.003331
0 0.395386 0.658856 0.003405 0.003281
0 0.396633 0.826434 0.003494 0.003043
0 0.395490 0.988726 0.003544 0.003382
0 0.395816 0.409066 0.003681 0.003447
0 0.399815 0.440660 0.003535 0.003423
0 0.397686 0.924235 0.005656 0.003921
0 0.396707 0.049814 0.003437 0.003284
0 0.396440 0.229962 0.003429 0.003127
0 0.396472 0.803064 0.003500 0.003162
0 0.396578 0.807464 0.004954 0.003380
0 0.396957 0.213348 0.003757 0.003416
0 0.397792 0.701950 0.005311 0.004465
0 0.400662 0.524815 0.003510 0.003304
0 0.401611 0.356224 0.003566 0.003391
0 0.401366 0.329572 0.003534 0.003272
0 0.403657 0.478693 0.003784 0.003478
0 0.404570 0.773793 0.003420 0.002536
0 0.405241 0.839305 0.003587 0.003417
0 0.403950 0.120243 0.003390 0.003372
0 0.419048 0.221466 0.004481 0.003693
0 0.411134 0.221138 0.006773 0.005627
0 0.408437 0.662871 0.005787 0.003254
0 0.405387 0.263217 0.004704 0.003273
0 0.412074 0.030938 0.004493 0.003464
0 0.408004 0.036318 0.003678 0.003503
0 0.406849 0.831144 0.003643 0.003289
0 0.407650 0.163644 0.003625 0.003429
0 0.409958 0.346057 0.003965 0.003663
0 0.408854 0.268209 0.003608 0.003340
0 0.410569 0.202029 0.003501 0.003396
0 0.410170 0.999111 0.003461 0.003030
0 0.412557 0.931759 0.003747 0.003444
0 0.413480 0.430795 0.004997 0.003261
0 0.417564 0.175659 0.003510 0.003437
0 0.417538 0.182290 0.004413 0.003422
0 0.423910 0.177231 0.004189 0.003643
0 0.414807 0.332565 0.004242 0.003557
0 0.417631 0.403327 0.003804 0.003470
0 0.415805 0.283526 0.003479 0.003323
0 0.416817 0.467784 0.006416 0.003973
0 0.420329 0.470232 0.003904 0.002651
0 0.416985 0.187861 0.003585 0.003447
0 0.417305 0.577984 0.003947 0.003615
0 0.420303 0.666299 0.004382 0.003410
0 0.417528 0.792028 0.003165 0.003006
0 0.418112 0.891141 0.003515 0.003183
0 0.423452 0.357022 0.008096 0.003999
0 0.426055 0.366822 0.003223 0.002047
0 0.420074 0.425477 0.005157 0.003323
0 0.419879 0.976682 0.003531 0.003382
0 0.420805 0.762759 0.003306 0.003172
0 0.426795 0.695216 0.003501 0.003386
0 0.427001 0.979251 0.003763 0.003544
0 0.428504 0.668419 0.004066 0.003539
0 0.429355 0.155059 0.003177 0.003130
0 0.431051 0.163627 0.003451 0.003404
0 0.429421 0.417918 0.003680 0.003306
0 0.429942 0.880533 0.003726 0.003292
0 0.431301 0.537227 0.004607 0.003848
0 0.433122 0.368488 0.004772 0.003493
0 0.432036 0.555204 0.003633 0.003401
0 0.433743 0.934519 0.004718 0.003478
0 0.435197 0.979082 0.003758 0.003462
0 0.434989 0.071486 0.003238 0.003060
0 0.437929 0.784491 0.003448 0.003417
0 0.436296 0.467928 0.003466 0.003189
0 0.438417 0.245070 0.003755 0.003223
0 0.439434 0.442953 0.003621 0.003392
0 0.438474 0.870194 0.003366 0.003183
0 0.439441 0.833627 0.004143 0.003714
0 0.440923 0.905097 0.004304 0.003810
0 0.439603 0.533521 0.003829 0.003288
0 0.441485 0.196756 0.003491 0.003327
0 0.444150 0.915351 0.003512 0.003453
0 0.442981 0.885129 0.003230 0.003114
0 0.443587 0.755459 0.004354 0.003256
0 0.443302 0.353372 0.003632 0.003465
0 0.443066 0.939157 0.003497 0.003129
0 0.444264 0.092033 0.003587 0.003192
0 0.445416 0.834207 0.004081 0.003437
0 0.446736 0.130450 0.003467 0.003241
0 0.447380 0.146428 0.003722 0.003461
0 0.448356 0.395241 0.005353 0.003494
0 0.448626 0.088003 0.003690 0.003410
0 0.449984 0.664634 0.003489 0.003414
0 0.449464 0.743516 0.003369 0.003307
0 0.453302 0.083635 0.004018 0.003481
0 0.451525 0.467383 0.003863 0.003322
0 0.453525 0.402274 0.004160 0.003502
0 0.453196 0.793055 0.003724 0.003512
0 0.453331 0.591696 0.003521 0.003067
0 0.453840 0.035571 0.003314 0.003123
0 0.456421 0.562794 0.003644 0.003372
0 0.458036 0.380997 0.003437 0.003296
0 0.455836 0.384531 0.005511 0.003359
0 0.458422 0.111070 0.003510 0.003408
0 0.458225 0.284421 0.003936 0.003525
0 0.458690 0.709159 0.005008 0.002948
0 0.457861 0.071007 0.003598 0.003439
0 0.457853 0.581931 0.004100 0.003724
0 0.458748 0.481620 0.003856 0.003440
0 0.458669 0.732984 0.003396 0.003341
0 0.460067 0.013392 0.004190 0.003439
0 0.459844 0.416739 0.003763 0.003376
0 0.460353 0.450267 0.003398 0.003177
0 0.463235 0.025444 0.003463 0.003141
0 0.465985 0.395256 0.004429 0.003609
0 0.465100 0.051126 0.003390 0.003209
0 0.464778 0.677750 0.003536 0.003353
0 0.468544 0.675645 0.003694 0.003289
0 0.466041 0.901232 0.003721 0.003477
0 0.468119 0.905548 0.003366 0.003300
0 0.465317 0.978359 0.005586 0.003700
0 0.467850 0.015544 0.003558 0.003352
0 0.466453 0.404875 0.003903 0.003658
0 0.466870 0.537465 0.003657 0.003525
0 0.467177 0.340889 0.003396 0.003311
0 0.467820 0.725506 0.006440 0.003997
0 0.467517 0.995162 0.006176 0.003456
0 0.468580 0.374361 0.003211 0.003148
0 0.512521 0.503836 0.008948 0.007333
0 0.500011 0.479332 0.006093 0.004041
0 0.523104 0.495203 0.003953 0.003456
0 0.498652 0.434873 0.007924 0.004641
0 0.498720 0.457269 0.009813 0.003399
0 0.541817 0.518998 0.004250 0.003459
0 0.504632 0.491822 0.008696 0.003021
0 0.469557 0.141935 0.003366 0.003018
0 0.472321 0.630265 0.003523 0.003401
0 0.471917 0.885255 0.006930 0.003566
0 0.477518 0.481086 0.003751 0.003574
0 0.472987 0.482564 0.003759 0.003430
0 0.473852 0.459811 0.005408 0.003983
0 0.472678 0.602805 0.003727 0.003322
0 0.473057 0.060656 0.003786 0.003489
0 0.472942 0.274883 0.003292 0.003049
0 0.474045 0.219361 0.003215 0.003114
0 0.473650 0.758225 0.003404 0.003234
0 0.475967 0.914690 0.004935 0.003382
0 0.475961 0.001339 0.003406 0.003048
0 0.477090 0.567117 0.003834 0.003700
0 0.478875 0.583828 0.003557 0.003423
0 0.484164 0.095159 0.005725 0.004499
0 0.479118 0.500333 0.003404 0.003212
0 0.479498 0.842507 0.003465 0.003299
0 0.479432 0.159816 0.003463 0.003138
0 0.482926 0.268172 0.003504 0.003479
0 0.482495 0.470341 0.004369 0.003621
0 0.481405 0.678622 0.003502 0.003384
0 0.481987 0.333100 0.004799 0.003342
0 0.484289 0.358470 0.004906 0.003414
0 0.484256 0.448843 0.004225 0.003845
0 0.485382 0.581850 0.003675 0.003451
0 0.485850 0.661412 0.004159 0.003435
0 0.485749 0.837857 0.004103 0.003421
0 0.487330 0.993668 0.006861 0.003451
0 0.487382 0.699950 0.003627 0.003476
0 0.490704 0.078064 0.003643 0.003514
0 0.491048 0.545065 0.004450 0.003577
0 0.492344 0.732413 0.003549 0.003468
0 0.492196 0.750333 0.003316 0.003245
0 0.491628 0.834977 0.003640 0.003471
0 0.491849 0.976073 0.003688 0.003178
0 0.494984 0.978534 0.005064 0.003215
0 0.495220 0.604214 0.004334 0.003461
0 0.494047 0.341167 0.003334 0.003073
0 0.495347 0.896031 0.003824 0.003383
0 0.495834 0.559754 0.003696 0.003362
0 0.496508 0.677112 0.003417 0.003369
0 0.496181 0.969783 0.003557 0.003298
0 0.496941 0.813997 0.003532 0.003294
0 0.497532 0.199859 0.004805 0.003498
0 0.498136 0.405624 0.004420 0.003845
0 0.500254 0.937790 0.003736 0.003480
0 0.499836 0.908494 0.006084 0.003828
0 0.500196 0.640381 0.003807 0.003398
0 0.501955 0.871055 0.003843 0.003600
0 0.510299 0.584653 0.004205 0.003642
0 0.504939 0.364055 0.004141 0.003152
0 0.504680 0.829924 0.006011 0.004103
0 0.504299 0.688691 0.003886 0.003298
0 0.507447 0.027007 0.003853 0.002737
0 0.510249 0.942650 0.004228 0.003545
0 0.507641 0.343023 0.003738 0.003598
0 0.508870 0.297708 0.004396 0.003556
0 0.510656 0.106060 0.003588 0.003433
0 0.509662 0.256338 0.003761 0.003435
0 0.509944 0.156454 0.003414 0.003111
0 0.518759 0.439669 0.007821 0.004639
0 0.510876 0.628049 0.003567 0.003501
0 0.509883 0.971323 0.003341 0.002956
0 0.510456 0.976976 0.004153 0.003648
0 0.510819 0.656767 0.003910 0.003369
0 0.510474 0.907261 0.005987 0.003424
0 0.512737 0.372226 0.003654 0.003569
0 0.515963 0.387582 0.003519 0.003487
0 0.515128 0.964526 0.003741 0.003602
0 0.515297 0.348576 0.003634 0.003406
0 0.516008 0.521275 0.003887 0.003423
0 0.517235 0.983033 0.003323 0.003095
0 0.520601 0.415001 0.005248 0.004125
0 0.519181 0.879324 0.005147 0.003402
0 0.518043 0.716733 0.003636 0.003324
0 0.518417 0.252615 0.003298 0.003200
0 0.519273 0.897749 0.004035 0.003718
0 0.519511 0.049391 0.004122 0.003654
0 0.520251 0.589464 0.003511 0.003273
0 0.522033 0.422601 0.003594 0.003545
0 0.523664 0.856688 0.011147 0.005587
0 0.522034 0.367346 0.003589 0.003538
0 0.524215 0.462677 0.003712 0.003655
0 0.524366 0.194578 0.003721 0.003535
0 0.525206 0.963322 0.005776 0.003738
0 0.527564 0.479578 0.005573 0.003689
0 0.524863 0.986255 0.003460 0.003358
0 0.528079 0.920830 0.003485 0.003364
0 0.527622 0.367777 0.003968 0.003681
0 0.531466 0.974017 0.004708 0.003367
0 0.531726 0.146585 0.003398 0.003247
0 0.531296 0.155232 0.003363 0.003031
0 0.531924 0.537201 0.003848 0.003540
0 0.531445 0.697807 0.003483 0.003311
0 0.534816 0.698564 0.003470 0.003210
0 0.532605 0.328831 0.003679 0.003571
0 0.534783 0.199733 0.003723 0.003420
0 0.533525 0.986628 0.003675 0.003059
0 0.534980 0.496673 0.004012 0.003725
0 0.536808 0.714676 0.003559 0.003484
0 0.536876 0.442484 0.003813 0.003463
0 0.537531 0.843312 0.003699 0.003491
0 0.538122 0.673925 0.003626 0.003483
0 0.539279 0.104817 0.003447 0.003339
0 0.542181 0.904520 0.003522 0.003497
0 0.540092 0.910003 0.004193 0.002333
0 0.540037 0.995045 0.003287 0.003231
0 0.540806 0.319768 0.003703 0.003363
0 0.543873 0.643199 0.003585 0.003447
0 0.543376 0.981330 0.007002 0.004027
0 0.542314 0.546532 0.003613 0.003577
0 0.542994 0.940903 0.003362 0.003079
0 0.540219 0.937843 0.004181 0.003035
0 0.541488 0.377457 0.003539 0.003432
0 0.545114 0.210453 0.003563 0.003391
0 0.544436 0.177736 0.004951 0.003292
0 0.545008 0.029943 0.003357 0.003095
0 0.545911 0.584126 0.003590 0.003553
0 0.546190 0.752352 0.003399 0.003231
0 0.546624 0.238498 0.003350 0.003215
0 0.549372 0.563175 0.003881 0.003599
0 0.546693 0.558350 0.005341 0.003536
0 0.547358 0.201593 0.003294 0.003144
0 0.553547 0.177834 0.004042 0.003473
0 0.550826 0.131932 0.003402 0.003210
0 0.550046 0.988195 0.005134 0.003294
0 0.552148 0.523141 0.003508 0.003478
0 0.551114 0.722563 0.003633 0.003306
0 0.553585 0.807716 0.003915 0.003389
0 0.552017 0.975298 0.004160 0.003896
0 0.553213 0.223599 0.003379 0.003223
0 0.553952 0.329427 0.003607 0.003332
0 0.554047 0.414306 0.003519 0.003362
0 0.554942 0.444082 0.003678 0.003309
0 0.555786 0.352549 0.003647 0.003485
0 0.558123 0.609684 0.003387 0.003357
0 0.554353 0.609500 0.003638 0.003605
0 0.555459 0.839551 0.003680 0.003234
0 0.557921 0.491572 0.006322 0.004165
0 0.557095 0.024099 0.003554 0.001625
0 0.558538 0.323429 0.004653 0.003688
0 0.558107 0.620784 0.003629 0.003498
0 0.560151 0.743732 0.004191 0.003390
0 0.560674 0.634563 0.003929 0.003495
0 0.561670 0.890498 0.003875 0.003436
0 0.561228 0.820074 0.004026 0.003412
0 0.561261 0.898106 0.003433 0.003281
0 0.561811 0.582550 0.003943 0.003450
0 0.561732 0.455446 0.003722 0.003303
0 0.564273 0.094283 0.005278 0.003472
0 0.563453 0.983532 0.003482 0.003344
0 0.564229 0.722639 0.005788 0.003745
0 0.565350 0.084559 0.003339 0.003182
0 0.565796 0.643011 0.003628 0.003302
0 0.569929 0.645832 0.003808 0.003375
0 0.565909 0.386792 0.003470 0.003181
0 0.568630 0.249484 0.003483 0.003235
0 0.569499 0.292673 0.005272 0.003767
0 0.571148 0.905070 0.004317 0.003468
0 0.572440 0.827149 0.003550 0.003482
0 0.572358 0.669329 0.003431 0.003270
0 0.573536 0.404410 0.006804 0.003476
0 0.573638 0.867115 0.005520 0.003962
0 0.573446 0.106050 0.003287 0.003182
0 0.574937 0.809514 0.004148 0.003584
0 0.580223 0.810702 0.003212 0.002961
0 0.574034 0.895834 0.003732 0.003529
0 0.575274 0.536758 0.004881 0.003580
0 0.579530 0.621358 0.007011 0.004307
0 0.575463 0.648066 0.003383 0.003247
0 0.581336 0.157946 0.003915 0.003460
0 0.581060 0.152140 0.003484 0.003464
0 0.576018 0.154011 0.004227 0.003321
0 0.579552 0.010742 0.003464 0.003432
0 0.577889 0.076132 0.003605 0.003278
0 0.581903 0.683528 0.004299 0.002961
0 0.580033 0.776501 0.005335 0.003545
0 0.580319 0.064832 0.003749 0.003252
0 0.580770 0.207685 0.003649 0.003171
0 0.581769 0.724060 0.003662 0.003432
0 0.581035 0.792126 0.004681 0.003976
0 0.581947 0.557408 0.003374 0.003096
0 0.582445 0.484736 0.003567 0.003512
0 0.585033 0.371147 0.003471 0.003376
0 0.588902 0.371134 0.003273 0.003169
0 0.585571 0.316571 0.003304 0.003112
0 0.587367 0.606630 0.005663 0.003404
0 0.586611 0.774598 0.004908 0.003902
0 0.586427 0.639665 0.003524 0.003359
0 0.588532 0.308429 0.005122 0.004670
0 0.587032 0.741934 0.003574 0.003464
0 0.588395 0.955774 0.003942 0.003387
0 0.592096 0.959364 0.003545 0.003115
0 0.587815 0.218966 0.003686 0.003002
0 0.589578 0.876629 0.003493 0.003110
0 0.588848 0.118888 0.004352 0.003669
0 0.589217 0.900470 0.004066 0.003669
0 0.590163 0.455431 0.003928 0.003449
0 0.591171 0.629963 0.003590 0.003409
0 0.591326 0.016344 0.004002 0.003475
0 0.595318 0.582928 0.004945 0.003955
0 0.600898 0.586044 0.004398 0.003311
0 0.593709 0.197182 0.002976 0.002895
0 0.596915 0.390193 0.004025 0.003705
0 0.594875 0.404274 0.005205 0.003822
0 0.595940 0.110360 0.003759 0.003358
0 0.594390 0.115020 0.003630 0.003462
0 0.598014 0.500984 0.003755 0.003394
0 0.596909 0.443596 0.003752 0.003601
0 0.599442 0.750328 0.004838 0.003392
0 0.597252 0.491788 0.003539 0.003269
0 0.597025 0.317964 0.003629 0.003237
0 0.598011 0.879693 0.004285 0.003558
0 0.599393 0.059918 0.005980 0.003282
0 0.599296 0.558222 0.003724 0.003423
0 0.600552 0.366669 0.003429 0.003275
0 0.601969 0.597342 0.003536 0.003412
0 0.602178 0.593391 0.003812 0.003412
0 0.602024 0.842390 0.003558 0.003225
0 0.606147 0.508591 0.003654 0.003341
0 0.606761 0.483699 0.003540 0.003453
0 0.606121 0.479946 0.003705 0.003298
0 0.608599 0.008130 0.006238 0.003407
0 0.608303 0.689480 0.003953 0.003728
0 0.609758 0.652087 0.004083 0.003401
0 0.610863 0.990260 0.003419 0.003401
0 0.613978 0.881940 0.003630 0.003496
0 0.610821 0.554266 0.003629 0.003347
0 0.611630 0.332056 0.003512 0.003290
0 0.612341 0.455586 0.004125 0.003532
0 0.617239 0.454463 0.003509 0.003262
0 0.619592 0.765386 0.007073 0.005431
0 0.626669 0.771774 0.009101 0.004261
0 0.623353 0.778459 0.004477 0.004266
0 0.618280 0.775657 0.004345 0.002998
0 0.613520 0.665583 0.003523 0.003408
0 0.616248 0.896121 0.004266 0.003250
0 0.612116 0.896397 0.004522 0.003837
0 0.613405 0.830241 0.003496 0.003301
0 0.613478 0.835450 0.004782 0.004073
0 0.618176 0.388466 0.003896 0.003472
0 0.613683 0.390130 0.006183 0.003338
0 0.628599 0.957839 0.004307 0.003591
0 0.621813 0.960766 0.005226 0.003661
0 0.616881 0.965588 0.005169 0.003205
0 0.628091 0.974958 0.003164 0.002868
0 0.615845 0.971742 0.004323 0.003280
0 0.625018 0.970713 0.003917 0.003170
0 0.619241 0.025201 0.004183 0.003175
0 0.618325 0.395221 0.005584 0.003324
0 0.619508 0.224782 0.003653 0.003459
0 0.619258 0.379334 0.003693 0.003524
0 0.619498 0.577544 0.003389 0.003352
0 0.619721 0.849660 0.003996 0.003864
0 0.621853 0.334793 0.003954 0.003827
0 0.624406 0.924165 0.003238 0.003127
0 0.621095 0.920141 0.004097 0.003354
0 0.623006 0.183930 0.003631 0.003233
0 0.622530 0.606830 0.004844 0.003867
0 0.622031 0.280963 0.004397 0.003315
0 0.622173 0.471474 0.003511 0.003361
0 0.625277 0.252463 0.004274 0.002779
0 0.625879 0.312353 0.003834 0.003270
0 0.625755 0.873172 0.003698 0.003492
0 0.627084 0.801637 0.004634 0.003625
0 0.626000 0.357984 0.004568 0.003562
0 0.625899 0.733179 0.004596 0.003780
0 0.628305 0.408395 0.003586 0.003473
0 0.627144 0.651684 0.003427 0.003350
0 0.628091 0.433283 0.004071 0.003352
0 0.630116 0.326195 0.004657 0.003072
0 0.629762 0.677497 0.003670 0.003291
0 0.630506 0.681726 0.003796 0.003641
0 0.630611 0.878361 0.003616 0.003419
0 0.630003 0.127933 0.004233 0.003288
0 0.629511 0.144426 0.003524 0.003303
0 0.630524 0.005431 0.003512 0.003051
0 0.630472 0.062509 0.003407 0.002990
0 0.630544 0.187333 0.003042 0.002940
0 0.630487 0.199944 0.003163 0.003029
0 0.647584 0.719879 0.004667 0.004156
0 0.634940 0.731221 0.004467 0.004262
0 0.643517 0.728084 0.010084 0.003447
0 0.631770 0.794796 0.004219 0.003456
0 0.632422 0.025396 0.003221 0.003175
0 0.632140 0.240116 0.003250 0.003189
0 0.635826 0.583842 0.003862 0.003341
0 0.637645 0.761904 0.004066 0.003595
0 0.637188 0.905271 0.006242 0.004247
0 0.637878 0.986632 0.003332 0.003175
0 0.643150 0.970966 0.005443 0.003238
0 0.639732 0.967074 0.003616 0.003473
0 0.639965 0.258008 0.003419 0.003204
0 0.641444 0.332602 0.003748 0.003487
0 0.640327 0.470727 0.003924 0.003623
0 0.642330 0.713561 0.003596 0.003565
0 0.642743 0.192691 0.004425 0.003384
0 0.645276 0.859197 0.004372 0.003586
0 0.653354 0.868245 0.007338 0.003274
0 0.646572 0.873403 0.003970 0.003665
0 0.645317 0.601140 0.003557 0.003445
0 0.646515 0.836477 0.003733 0.003478
0 0.647294 0.215887 0.003336 0.003122
0 0.649606 0.754801 0.003961 0.003673
0 0.648706 0.299763 0.005791 0.003676
0 0.651078 0.739156 0.003498 0.003480
0 0.650652 0.339187 0.003464 0.003412
0 0.649804 0.974013 0.003368 0.002975
0 0.650678 0.193922 0.003589 0.003287
0 0.651698 0.909294 0.004269 0.003472
0 0.653075 0.417890 0.003539 0.003467
0 0.650671 0.994689 0.003283 0.003031
0 0.652827 0.092977 0.005189 0.003335
0 0.658486 0.889481 0.003626 0.003471
0 0.667497 0.881063 0.003899 0.003256
0 0.657669 0.178012 0.006170 0.003193
0 0.653595 0.317802 0.003817 0.003349
0 0.655446 0.649500 0.003487 0.003452
0 0.657097 0.770418 0.004331 0.003520
0 0.655557 0.715221 0.003564 0.003489
0 0.655659 0.797939 0.003451 0.003315
0 0.656082 0.693199 0.004125 0.003852
0 0.657782 0.748355 0.003725 0.003562
0 0.657168 0.382509 0.003473 0.003362
0 0.659978 0.271006 0.003545 0.003385
0 0.659531 0.121653 0.003431 0.002997
0 0.662030 0.104137 0.003528 0.003464
0 0.662239 0.619422 0.004034 0.003380
0 0.664662 0.615308 0.003621 0.003133
0 0.661521 0.221840 0.003281 0.003184
0 0.664699 0.958776 0.004835 0.003341
0 0.665279 0.204927 0.003310 0.003218
0 0.667910 0.321277 0.003543 0.003395
0 0.666063 0.156839 0.003313 0.003215
0 0.666261 0.508911 0.003419 0.003325
0 0.666089 0.923361 0.005007 0.003349
0 0.667621 0.005211 0.003779 0.002954
0 0.670293 0.708711 0.004695 0.003331
0 0.670799 0.933346 0.004122 0.003659
0 0.674895 0.620510 0.004565 0.003158
0 0.672696 0.396421 0.003358 0.003248
0 0.672454 0.368822 0.004013 0.003551
0 0.676280 0.367828 0.003586 0.003271
0 0.672529 0.780838 0.003461 0.003392
0 0.674015 0.522427 0.003733 0.003362
0 0.677789 0.525839 0.004488 0.002127
0 0.673054 0.517967 0.003682 0.003487
0 0.674331 0.812980 0.005547 0.003538
0 0.674494 0.852345 0.004163 0.003556
0 0.673639 0.719716 0.003724 0.003384
0 0.675607 0.052150 0.003378 0.003153
0 0.676944 0.266992 0.004145 0.003873
0 0.675463 0.012866 0.004134 0.003214
0 0.674687 0.017789 0.005173 0.003465
0 0.677533 0.931773 0.003487 0.003397
0 0.677566 0.086672 0.005103 0.003601
0 0.677325 0.260071 0.004293 0.003684
0 0.678211 0.337930 0.003421 0.003302
0 0.677279 0.646767 0.003487 0.003311
0 0.678663 0.192321 0.003497 0.003379
0 0.677415 0.963273 0.003492 0.003021
0 0.679717 0.161124 0.003538 0.003414
0 0.681853 0.593854 0.004080 0.003499
0 0.681026 0.150522 0.004068 0.003612
0 0.685582 0.209899 0.003490 0.003454
0 0.682831 0.138686 0.003547 0.003304
0 0.687064 0.135342 0.003951 0.003398
0 0.682690 0.251871 0.004975 0.003626
0 0.688303 0.254293 0.004478 0.003446
0 0.686055 0.394664 0.003680 0.003460
0 0.684838 0.934791 0.004342 0.003438
0 0.685501 0.969476 0.005003 0.003336
0 0.685501 0.013791 0.004286 0.003231
0 0.685621 0.779644 0.003635 0.003430
0 0.685446 0.145269 0.003534 0.003287
0 0.686318 0.738526 0.004436 0.003459
0 0.685630 0.332513 0.003898 0.003079
0 0.688695 0.583103 0.003615 0.003494
0 0.686784 0.727619 0.003951 0.003675
0 0.686840 0.664108 0.003892 0.003580
0 0.688346 0.977578 0.003283 0.003104
0 0.689958 0.025946 0.005316 0.003731
0 0.689386 0.549080 0.003625 0.003396
0 0.691417 0.001266 0.004733 0.003220
0 0.690599 0.444296 0.003676 0.003291
0 0.691229 0.350529 0.003445 0.003286
0 0.694854 0.479730 0.003503 0.003462
0 0.691181 0.845966 0.003388 0.003291
0 0.694671 0.999435 0.003499 0.003263
0 0.693103 0.300312 0.003717 0.003471
0 0.693418 0.927824 0.004221 0.003465
0 0.698767 0.280572 0.007840 0.005221
0 0.698063 0.288756 0.004100 0.003635
0 0.694084 0.774521 0.003629 0.003404
0 0.696376 0.496245 0.003781 0.003590
0 0.695658 0.137514 0.003804 0.003676
0 0.708754 0.033596 0.004482 0.004104
0 0.730510 0.032671 0.004963 0.003728
0 0.724505 0.034931 0.003861 0.003737
0 0.732496 0.043803 0.004092 0.003076
0 0.723272 0.028658 0.003598 0.001718
0 0.698583 0.302065 0.003429 0.003196
0 0.698635 0.539576 0.003334 0.003078
0 0.701180 0.358107 0.003805 0.003239
0 0.701768 0.440520 0.004044 0.003605
0 0.701507 0.241050 0.003386 0.003190
0 0.705589 0.407576 0.003513 0.003501
0 0.703259 0.401428 0.003490 0.003178
0 0.706367 0.941364 0.003558 0.003306
0 0.706440 0.327481 0.003427 0.003214
0 0.705574 0.323119 0.003313 0.003268
0 0.706638 0.953635 0.003285 0.003199
0 0.707645 0.223069 0.003630 0.003125
0 0.709882 0.438885 0.004477 0.003382
0 0.709880 0.747557 0.003514 0.003452
0 0.711389 0.123553 0.007541 0.003963
0 0.710808 0.076901 0.003726 0.003414
0 0.711153 0.384265 0.004348 0.003435
0 0.716134 0.378856 0.004469 0.003461
0 0.710538 0.780246 0.003555 0.003348
0 0.711445 0.400882 0.003780 0.003370
0 0.712409 0.220701 0.003512 0.003359
0 0.713368 0.837550 0.006289 0.003365
0 0.712639 0.985407 0.004354 0.003622
0 0.713503 0.904489 0.006104 0.003337
0 0.716615 0.878685 0.004453 0.003416
0 0.715309 0.242550 0.003412 0.003235
0 0.716833 0.247195 0.005763 0.003654
0 0.715205 0.307414 0.003780 0.003413
0 0.714857 0.714450 0.004450 0.003485
0 0.715447 0.807532 0.003618 0.003295
0 0.716281 0.255586 0.003421 0.003338
0 0.717171 0.388286 0.003613 0.003467
0 0.717279 0.365021 0.004027 0.003334
0 0.715621 0.741459 0.003920 0.003304
0 0.717697 0.783641 0.003750 0.003588
0 0.716499 0.889518 0.004019 0.003424
0 0.716906 0.176084 0.004474 0.003791
0 0.717586 0.683189 0.003621 0.003471
0 0.717796 0.286250 0.005881 0.003468
0 0.721893 0.138059 0.003497 0.003236
0 0.717729 0.139894 0.003315 0.002946
0 0.720994 0.561296 0.003552 0.003458
0 0.717893 0.565767 0.003450 0.003278
0 0.722039 0.346439 0.011221 0.008012
0 0.721370 0.856815 0.004562 0.003489
0 0.720033 0.940736 0.003459 0.003078
0 0.720279 0.793117 0.003855 0.003517
0 0.723058 0.124404 0.003538 0.003286
0 0.726653 0.295818 0.003485 0.003456
0 0.726719 0.175996 0.004357 0.003669
0 0.729128 0.079601 0.003807 0.003625
0 0.728618 0.369125 0.003422 0.003354
0 0.727318 0.429230 0.003980 0.003504
0 0.728502 0.233556 0.003699 0.003325
0 0.729525 0.140587 0.003509 0.003239
0 0.729256 0.194357 0.004410 0.003450
0 0.729616 0.544949 0.003530 0.003397
0 0.733962 0.102924 0.003277 0.003191
0 0.732074 0.641516 0.003445 0.003401
0 0.733621 0.268752 0.003624 0.003354
0 0.736754 0.275267 0.003456 0.003377
0 0.732985 0.578524 0.003495 0.003454
0 0.733983 0.459059 0.004013 0.003296
0 0.734816 0.687136 0.003725 0.003514
0 0.738016 0.130721 0.003717 0.003589
0 0.734840 0.092697 0.003726 0.003392
0 0.734548 0.313514 0.003675 0.003325
0 0.737012 0.186834 0.003698 0.003541
0 0.736061 0.162372 0.004019 0.003645
0 0.736748 0.292201 0.003366 0.003184
0 0.739180 0.307758 0.003630 0.003429
0 0.741218 0.783902 0.003385 0.003266
0 0.741370 0.354931 0.003513 0.003207
0 0.744493 0.818670 0.003710 0.003451
0 0.745199 0.035818 0.003463 0.003442
0 0.746756 0.390106 0.003811 0.003367
0 0.747388 0.864403 0.004044 0.003336
0 0.748124 0.003293 0.006137 0.003072
0 0.748327 0.747799 0.003573 0.003374
0 0.747239 0.943096 0.003261 0.002808
0 0.749182 0.991827 0.003394 0.003366
0 0.748654 0.379019 0.004013 0.003444
0 0.749715 0.691722 0.004240 0.003367
0 0.751391 0.058084 0.003683 0.003467
0 0.751277 0.259678 0.003689 0.003397
0 0.751527 0.088562 0.004192 0.003135
0 0.752465 0.154227 0.004380 0.003679
0 0.753521 0.285519 0.004126 0.003320
0 0.754843 0.801865 0.004224 0.003603
0 0.757813 0.421492 0.003618 0.003551
0 0.755151 0.590863 0.003840 0.003560
0 0.756445 0.981374 0.003970 0.003469
0 0.755859 0.738210 0.003656 0.003475
0 0.756266 0.340561 0.005299 0.003575
0 0.759174 0.918620 0.003493 0.003028
0 0.758549 0.921894 0.003404 0.003333
0 0.759450 0.143120 0.003704 0.003246
0 0.758462 0.908365 0.003039 0.002929
0 0.760810 0.578062 0.003398 0.003351
0 0.764967 0.098594 0.003626 0.003272
0 0.762333 0.094714 0.003353 0.003138
0 0.763416 0.120862 0.003155 0.002914
0 0.763836 0.241967 0.003569 0.003218
0 0.764532 0.875656 0.003470 0.003169
0 0.768665 0.763020 0.003619 0.003484
0 0.767578 0.993375 0.003365 0.003226
0 0.770541 0.281800 0.003484 0.003432
0 0.770049 0.286188 0.003551 0.003283
0 0.769055 0.160978 0.003249 0.002994
0 0.769716 0.474173 0.003593 0.003178
0 0.771832 0.785443 0.004826 0.003606
0 0.772109 0.986845 0.003325 0.003178
0 0.772250 0.519386 0.003327 0.003232
0 0.781223 0.226976 0.004360 0.004198
0 0.778206 0.221438 0.004671 0.003148
0 0.778630 0.905318 0.003549 0.003405
0 0.775552 0.909550 0.003600 0.003334
0 0.776319 0.894024 0.003520 0.003280
0 0.779234 0.898565 0.003895 0.003439
0 0.775947 0.502188 0.003407 0.003365
0 0.777821 0.082482 0.003495 0.003297
0 0.780476 0.086177 0.003633 0.003101
0 0.777202 0.320430 0.003393 0.003155
0 0.777278 0.237966 0.003862 0.003400
0 0.777349 0.554473 0.003607 0.003213
0 0.779906 0.034484 0.003304 0.003182
0 0.779434 0.374021 0.004254 0.003232
0 0.780257 0.187626 0.005500 0.004506
0 0.780285 0.700554 0.003360 0.003299
0 0.782057 0.262609 0.003609 0.003287
0 0.783901 0.306132 0.005707 0.003859
0 0.787026 0.310430 0.004267 0.003380
0 0.782527 0.127576 0.003115 0.003052
0 0.784158 0.581008 0.004288 0.003705
0 0.786592 0.037276 0.003322 0.003228
0 0.785927 0.091644 0.003621 0.003373
0 0.787217 0.087872 0.003979 0.003025
0 0.788864 0.283976 0.003468 0.003459
0 0.790395 0.678247 0.004034 0.003468
0 0.786746 0.824978 0.003290 0.003203
0 0.787275 0.549811 0.004153 0.003606
0 0.788447 0.030767 0.003600 0.003459
0 0.792322 0.181296 0.003488 0.003449
0 0.788715 0.523335 0.003459 0.003322
0 0.791139 0.832080 0.004129 0.003069
0 0.791616 0.334010 0.003624 0.003420
0 0.792090 0.233202 0.004495 0.003549
0 0.793281 0.153918 0.003642 0.003210
0 0.790863 0.156676 0.003972 0.003401
0 0.793649 0.632704 0.003778 0.003366
0 0.794553 0.140499 0.003504 0.003285
0 0.801788 0.752071 0.003492 0.003460
0 0.794935 0.748999 0.005285 0.003989
0 0.796727 0.264921 0.003509 0.003484
0 0.796205 0.480061 0.003924 0.002152
0 0.796037 0.408166 0.003294 0.003272
0 0.796701 0.910967 0.005437 0.002999
0 0.797579 0.906402 0.003675 0.003185
0 0.798455 0.212858 0.005718 0.003655
0 0.799526 0.639799 0.003564 0.003480
0 0.799675 0.777701 0.003244 0.003153
0 0.804260 0.173991 0.005709 0.004619
0 0.799185 0.173969 0.003981 0.002948
0 0.800190 0.943657 0.003215 0.003067
0 0.801274 0.293367 0.004015 0.003495
0 0.806031 0.610798 0.003517 0.003429
0 0.805739 0.560766 0.003337 0.003205
0 0.806335 0.346636 0.004649 0.003604
0 0.806218 0.456622 0.003449 0.003094
0 0.806109 0.678556 0.003338 0.003187
0 0.808110 0.063615 0.003410 0.003328
0 0.807148 0.381149 0.003945 0.003282
0 0.807016 0.571395 0.003499 0.003299
0 0.809793 0.860052 0.003900 0.003296
0 0.827604 0.011744 0.004892 0.003428
0 0.813704 0.017839 0.003584 0.003512
0 0.821342 0.014971 0.003655 0.003464
0 0.811643 0.374559 0.003445 0.003356
0 0.811905 0.770490 0.003688 0.003186
0 0.819589 0.193439 0.003462 0.003415
0 0.821027 0.200723 0.001821 0.001777
0 0.812557 0.169046 0.003495 0.003214
0 0.815629 0.162890 0.004420 0.003542
0 0.816130 0.912829 0.003065 0.002953
0 0.818120 0.619488 0.005406 0.003659
0 0.820612 0.605309 0.006154 0.003503
0 0.821325 0.450750 0.004062 0.003314
0 0.819515 0.725141 0.003594 0.003109
0 0.820529 0.492985 0.003607 0.003216
0 0.820888 0.966080 0.003606 0.003463
0 0.825799 0.976893 0.003466 0.003301
0 0.821971 0.978982 0.003391 0.003129
0 0.823632 0.071759 0.003382 0.003322
0 0.826154 0.738248 0.005048 0.003533
0 0.822812 0.583620 0.003551 0.003341
0 0.824254 0.253642 0.003642 0.003279
0 0.825068 0.053613 0.003365 0.003210
0 0.826658 0.233399 0.003424 0.003393
0 0.825558 0.260802 0.003232 0.003095
0 0.826176 0.713659 0.003494 0.003178
0 0.830104 0.589892 0.003519 0.003485
0 0.826202 0.920573 0.003580 0.003057
0 0.827806 0.183376 0.006385 0.003503
0 0.833786 0.724726 0.003670 0.003475
0 0.827391 0.721208 0.003604 0.003345
0 0.840395 0.726728 0.003011 0.002428
0 0.826900 0.037324 0.003617 0.003565
0 0.830760 0.210110 0.004802 0.003551
0 0.830131 0.403364 0.003859 0.003383
0 0.830323 0.677885 0.003436 0.003149
0 0.831203 0.082243 0.003561 0.003258
0 0.833877 0.176805 0.005087 0.003283
0 0.837739 0.349941 0.003534 0.003501
0 0.839331 0.356684 0.002544 0.002254
0 0.834490 0.922343 0.003123 0.003052
0 0.835791 0.236478 0.003541 0.003266
0 0.836125 0.440495 0.003275 0.003163
0 0.836615 0.582472 0.003566 0.003370
0 0.837829 0.034004 0.003606 0.003406
0 0.838157 0.038282 0.004226 0.003021
0 0.839311 0.904190 0.003451 0.003256
0 0.837356 0.908852 0.003518 0.003057
0 0.838365 0.336651 0.004101 0.003345
0 0.839886 0.324293 0.003247 0.003183
0 0.840405 0.219401 0.003537 0.003258
0 0.841472 0.095549 0.003738 0.003357
0 0.842581 0.156472 0.005433 0.003861
0 0.843045 0.298704 0.003419 0.003277
0 0.843051 0.645642 0.005626 0.003550
0 0.846450 0.875252 0.004862 0.003539
0 0.842209 0.876441 0.003198 0.002483
0 0.844453 0.586222 0.003616 0.003310
0 0.845155 0.712754 0.003402 0.003273
0 0.848398 0.717080 0.003993 0.003648
0 0.846082 0.633527 0.003958 0.003672
0 0.845460 0.678036 0.003467 0.003423
0 0.845259 0.827322 0.003608 0.003417
0 0.847738 0.054253 0.003910 0.003383
0 0.847744 0.337932 0.005185 0.004145
0 0.847881 0.973815 0.003194 0.003046
0 0.849039 0.619491 0.003476 0.003325
0 0.850230 0.068063 0.004012 0.003761
0 0.850138 0.980891 0.003477 0.003195
0 0.851619 0.864479 0.005980 0.003631
0 0.852951 0.353928 0.004244 0.003376
0 0.851522 0.902931 0.003459 0.003212
0 0.851702 0.000587 0.003380 0.003212
0 0.855533 0.015058 0.003989 0.003105
0 0.851028 0.014123 0.004426 0.002607
0 0.855045 0.436993 0.005172 0.003262
0 0.853450 0.591672 0.003867 0.003375
0 0.853226 0.967527 0.003683 0.003107
0 0.856781 0.217384 0.003262 0.003110
0 0.853399 0.214513 0.003238 0.003105
0 0.854993 0.678492 0.003521 0.003354
0 0.856030 0.334453 0.003568 0.003378
0 0.855598 0.524859 0.003774 0.003441
0 0.856829 0.242461 0.003239 0.003137
0 0.856244 0.382269 0.003455 0.003088
0 0.857558 0.136738 0.003371 0.003151
0 0.859369 0.907495 0.004562 0.003166
0 0.906986 0.877311 0.004196 0.003108
0 0.914450 0.879929 0.003914 0.002443
0 0.935846 0.894608 0.009495 0.008086
0 0.940106 0.888421 0.004143 0.003177
0 0.881833 0.862404 0.003620 0.002311
0 0.947280 0.884466 0.003061 0.002071
0 0.926540 0.881049 0.016483 0.001892
0 0.901129 0.873837 0.003599 0.002394
0 0.857806 0.640710 0.003434 0.003293
0 0.857862 0.687947 0.003367 0.003238
0 0.858506 0.027057 0.003705 0.003051
0 0.858717 0.560697 0.003493 0.003242
0 0.858798 0.808893 0.003455 0.003004
0 0.859629 0.428588 0.003483 0.003270
0 0.861558 0.462976 0.003551 0.003410
0 0.862766 0.660015 0.003504 0.003290
0 0.863084 0.367805 0.004291 0.003735
0 0.863596 0.281086 0.003291 0.003219
0 0.864156 0.263230 0.003367 0.003129
0 0.866085 0.010817 0.004875 0.003389
0 0.866999 0.648804 0.003640 0.003407
0 0.869298 0.878745 0.004493 0.003193
0 0.872215 0.884862 0.003807 0.003355
0 0.868691 0.274285 0.003337 0.002887
0 0.868602 0.494124 0.003921 0.003395
0 0.868357 0.833356 0.003457 0.003236
0 0.868679 0.104974 0.003762 0.003670
0 0.868802 0.071900 0.004078 0.003282
0 0.868985 0.458005 0.003480 0.003271
0 0.872655 0.455519 0.003849 0.003286
0 0.868986 0.467366 0.003559 0.003241
0 0.869203 0.003294 0.003647 0.003249
0 0.870209 0.088756 0.005074 0.003576
0 0.869813 0.354911 0.004236 0.003335
0 0.869703 0.443725 0.004468 0.003273
0 0.870330 0.570371 0.003359 0.003301
0 0.871197 0.164272 0.004035 0.003152
0 0.872263 0.018427 0.003659 0.003178
0 0.872732 0.012668 0.004105 0.003468
0 0.876034 0.091237 0.003526 0.003244
0 0.875728 0.835532 0.003545 0.003323
0 0.876247 0.469314 0.003668 0.003430
0 0.878664 0.866900 0.005128 0.003579
0 0.879787 0.443908 0.004778 0.003327
0 0.879127 0.012103 0.004345 0.003352
0 0.878980 0.165588 0.003806 0.003321
0 0.878532 0.743131 0.003238 0.003041
0 0.879138 0.747010 0.003965 0.003276
0 0.879833 0.739017 0.004923 0.003225
0 0.883296 0.628364 0.004759 0.004001
0 0.883627 0.620317 0.006360 0.003328
0 0.883133 0.930274 0.003506 0.003457
0 0.881684 0.374720 0.007910 0.004535
0 0.882063 0.939514 0.003335 0.002975
0 0.882498 0.726347 0.003207 0.003033
0 0.884963 0.156160 0.003372 0.003079
0 0.888986 0.155569 0.004140 0.003633
0 0.885936 0.577322 0.003687 0.003336
0 0.888964 0.579857 0.003609 0.003088
0 0.886934 0.116157 0.003223 0.003115
0 0.888348 0.435270 0.004346 0.003709
0 0.890535 0.487062 0.003805 0.003438
0 0.890631 0.532618 0.004008 0.003400
0 0.892002 0.928038 0.003367 0.003005
0 0.894680 0.687989 0.003546 0.003411
0 0.893003 0.060808 0.003723 0.003098
0 0.893152 0.222819 0.003316 0.003095
0 0.893186 0.755310 0.003244 0.003143
0 0.895337 0.777001 0.003450 0.003323
0 0.895516 0.150991 0.003288 0.003266
0 0.895985 0.673979 0.003998 0.003265
0 0.895956 0.819054 0.003937 0.003321
0 0.896575 0.501382 0.006103 0.004146
0 0.896994 0.494781 0.004110 0.003895
0 0.899606 0.512630 0.006080 0.004283
0 0.898644 0.797420 0.003331 0.002998
0 0.901089 0.332490 0.003522 0.003187
0 0.903851 0.263899 0.003493 0.003325
0 0.902698 0.270477 0.005755 0.004182
0 0.899462 0.267882 0.003365 0.002922
0 0.902046 0.531934 0.003507 0.003378
0 0.903157 0.497266 0.003926 0.003761
0 0.905186 0.012442 0.003112 0.002959
0 0.904824 0.007895 0.004172 0.003225
0 0.905418 0.373977 0.003894 0.003706
0 0.909186 0.177257 0.004445 0.003313
0 0.911141 0.627141 0.003388 0.003284
0 0.912172 0.184533 0.006052 0.003499
0 0.910682 0.790781 0.003439 0.003369
0 0.914606 0.056284 0.003310 0.003122
0 0.911435 0.058747 0.003601 0.003267
0 0.913068 0.425932 0.003524 0.003267
0 0.914069 0.745017 0.003130 0.003070
0 0.915891 0.352651 0.004319 0.003418
0 0.918589 0.349886 0.003015 0.002862
0 0.914984 0.201064 0.004180 0.003188
0 0.918806 0.615170 0.003781 0.003479
0 0.915774 0.639131 0.003547 0.003337
0 0.916327 0.648814 0.003104 0.003038
0 0.917160 0.042751 0.005106 0.003239
0 0.916852 0.602435 0.003379 0.003333
0 0.922051 0.239272 0.005388 0.003358
0 0.917763 0.735611 0.003286 0.003199
0 0.917932 0.343490 0.003756 0.003255
0 0.918249 0.507641 0.003667 0.003096
0 0.921439 0.509964 0.003829 0.003596
0 0.918644 0.155774 0.003400 0.003258
0 0.919692 0.462730 0.003693 0.003386
0 0.921316 0.226322 0.005518 0.003142
0 0.921166 0.800368 0.007587 0.004138
0 0.920372 0.381206 0.003892 0.003576
0 0.921253 0.046798 0.003689 0.002994
0 0.921301 0.932542 0.003450 0.003198
0 0.921812 0.525081 0.003454 0.003248
0 0.922273 0.760181 0.003361 0.003089
0 0.925010 0.202823 0.004088 0.003239
0 0.921655 0.200467 0.003616 0.002932
0 0.922468 0.943432 0.003791 0.003452
0 0.922510 0.993795 0.003123 0.002916
0 0.922984 0.181460 0.003867 0.003123
0 0.923261 0.014168 0.003732 0.003027
0 0.927541 0.698873 0.003436 0.003385
0 0.924717 0.694333 0.004081 0.003063
0 0.925398 0.089272 0.006659 0.004083
0 0.925467 0.435922 0.004677 0.003733
0 0.926987 0.463750 0.003582 0.003541
0 0.926849 0.608627 0.003380 0.003197
0 0.927417 0.002380 0.003101 0.003003
0 0.931848 0.004977 0.006263 0.003729
0 0.928719 0.096926 0.004719 0.004266
0 0.929848 0.659016 0.003765 0.003250
0 0.928336 0.070482 0.003996 0.003703
0 0.930880 0.592114 0.003433 0.003199
0 0.930251 0.680114 0.003719 0.003252
0 0.930897 0.714051 0.003522 0.003173
0 0.933770 0.198506 0.003494 0.003228
0 0.934484 0.848334 0.003516 0.003232
0 0.933649 0.294759 0.004005 0.003361
0 0.933588 0.335113 0.003844 0.003195
0 0.934951 0.072219 0.003505 0.003095
0 0.936938 0.511427 0.003636 0.003427
0 0.935882 0.524218 0.003539 0.003126
0 0.938591 0.208325 0.003545 0.003456
0 0.940262 0.202744 0.003553 0.003439
0 0.934419 0.210225 0.003976 0.002309
0 0.935284 0.456338 0.003932 0.003504
0 0.936567 0.968543 0.003251 0.003231
0 0.936139 0.690941 0.003255 0.003197
0 0.939238 0.274930 0.003362 0.003307
0 0.935481 0.945124 0.003483 0.003142
0 0.936833 0.230400 0.004231 0.003499
0 0.937002 0.788164 0.003886 0.003129
0 0.939608 0.477541 0.003985 0.003543
0 0.937333 0.474381 0.003473 0.003416
0 0.939856 0.701778 0.003624 0.003464
0 0.940107 0.407466 0.003579 0.003505
0 0.939385 0.595313 0.003855 0.003521
0 0.940223 0.637020 0.003293 0.003225
0 0.940076 0.129891 0.005063 0.003667
0 0.944307 0.127724 0.003929 0.002582
0 0.939808 0.669919 0.003442 0.003207
0 0.940046 0.708860 0.003901 0.003370
0 0.941058 0.220910 0.003581 0.003258
0 0.945937 0.816560 0.006512 0.003542
0 0.942263 0.971544 0.003803 0.003643
0 0.942837 0.919129 0.003169 0.002965
0 0.945702 0.804031 0.005924 0.003453
0 0.945621 0.860077 0.003424 0.003307
0 0.945281 0.531377 0.003672 0.003538
0 0.946412 0.332871 0.003363 0.003319
0 0.946504 0.941761 0.002999 0.002782
0 0.947165 0.059999 0.003429 0.003128
0 0.947758 0.080100 0.007884 0.004325
0 0.948267 0.516144 0.003469 0.003364
0 0.951491 0.512881 0.003549 0.003220
0 0.951667 0.584144 0.004793 0.003997
0 0.948183 0.589968 0.003493 0.002527
0 0.948721 0.956820 0.003396 0.003229
0 0.949629 0.535929 0.005926 0.003614
0 0.948888 0.031794 0.004305 0.003448
0 0.951804 0.726772 0.003454 0.003445
0 0.949709 0.419558 0.003384 0.003227
0 0.951541 0.459442 0.003506 0.003421
0 0.950231 0.635964 0.004414 0.004382
0 0.951075 0.185534 0.003834 0.003061
0 0.950558 0.850995 0.003039 0.002803
0 0.952215 0.433665 0.003738 0.003371
0 0.951865 0.978294 0.003265 0.003014
0 0.952788 0.524280 0.004929 0.003496
0 0.954966 0.237366 0.005277 0.003408
0 0.953915 0.545585 0.003965 0.003241
0 0.954130 0.712114 0.003456 0.003339
0 0.953817 0.945406 0.003608 0.002861
0 0.954919 0.854551 0.003533 0.003026
0 0.957156 0.047631 0.003695 0.003388
0 0.957755 0.127546 0.003441 0.002941
0 0.958133 0.593003 0.004154 0.003512
0 0.958405 0.652766 0.003468 0.003433
0 0.959767 0.018595 0.003614 0.003036
0 0.961279 0.616199 0.004381 0.003698
0 0.960678 0.996359 0.003560 0.003277
0 0.961182 0.334909 0.003298 0.003207
0 0.961673 0.908871 0.003702 0.002968
0 0.963538 0.133513 0.003706 0.003427
0 0.964579 0.929753 0.003055 0.003031
0 0.964086 0.195434 0.003456 0.003425
0 0.964620 0.177355 0.002904 0.002767
0 0.968696 0.285445 0.004612 0.002573
0 0.973170 0.156956 0.003224 0.002984
0 0.966477 0.139121 0.002881 0.002019
0 0.977892 0.157810 0.003724 0.003236
0 0.971277 0.146730 0.003115 0.002622
0 0.966836 0.333191 0.003588 0.003323
0 0.966843 0.680454 0.003316 0.003191
0 0.968532 0.259206 0.003579 0.003208
0 0.967725 0.610303 0.004283 0.003382
0 0.968434 0.832934 0.003147 0.003077
0 0.968609 0.970456 0.003284 0.003103
0 0.970670 0.565945 0.003907 0.003209
0 0.972577 0.100403 0.004118 0.002260
0 0.971302 0.914225 0.003742 0.003147
0 0.971075 0.491552 0.003555 0.003247
0 0.971826 0.376985 0.005224 0.003704
0 0.971872 0.595947 0.003759 0.003206
0 0.972934 0.868708 0.005898 0.003531
0 0.971813 0.346146 0.003866 0.003501
0 0.977350 0.091530 0.003344 0.003002
0 0.973514 0.090543 0.005217 0.002753
0 0.972949 0.211455 0.003553 0.002829
0 0.973916 0.245636 0.003630 0.003275
0 0.974065 0.721442 0.007624 0.003830
0 0.973822 0.927171 0.003475 0.003256
0 0.973413 0.046428 0.003024 0.002647
0 0.973752 0.177745 0.004045 0.003410
0 0.976076 0.417350 0.003798 0.003126
0 0.977697 0.440691 0.005714 0.003453
0 0.985368 0.447379 0.003648 0.003412
0 0.974851 0.485129 0.004194 0.003226
0 0.978635 0.487747 0.003886 0.003521
0 0.975550 0.195465 0.003414 0.003187
0 0.977310 0.200297 0.008063 0.004259
0 0.976361 0.147351 0.003997 0.003712
0 0.977884 0.553315 0.007401 0.004200
0 0.980013 0.610025 0.003604 0.003513
0 0.986650 0.711398 0.005040 0.003662
0 0.977152 0.708132 0.003994 0.003548
0 0.998966 0.719931 0.009549 0.005047
0 0.978751 0.600498 0.003820 0.003432
0 0.981280 0.333011 0.003855 0.003371
0 0.978308 0.329431 0.003865 0.003565
0 0.978547 0.272999 0.004243 0.003587
0 0.980031 0.010356 0.004518 0.003569
0 0.979130 0.802005 0.003437 0.003090
0 0.979799 0.250392 0.003709 0.003342
0 0.979282 0.959547 0.005123 0.003013
0 0.983539 0.076031 0.003836 0.003341
0 0.980169 0.917340 0.003114 0.002845
0 0.981343 0.697272 0.003372 0.003250
0 0.985314 0.696797 0.004457 0.003363
0 0.981466 0.171555 0.003201 0.002851
0 0.983310 0.533322 0.003480 0.003417
0 0.982239 0.060749 0.003600 0.003015
0 0.982728 0.542013 0.003732 0.003410
0 0.984425 0.798216 0.003640 0.003219
0 0.983810 0.310196 0.004564 0.003298
0 0.984040 0.523662 0.003461 0.003200
0 0.985263 0.556535 0.003306 0.003250
0 0.984749 0.966137 0.003782 0.003479
0 0.987215 0.901687 0.003988 0.003392
0 0.986983 0.108632 0.005855 0.003535
0 0.986225 0.204318 0.003328 0.003158
0 0.987258 0.229660 0.003728 0.003538
0 0.985643 0.363448 0.004092 0.003336
0 0.986945 0.855492 0.003361 0.003332
0 0.988329 0.879869 0.003433 0.002993
0 0.988316 0.435352 0.004433 0.003397
0 0.992854 0.014665 0.006284 0.002084
0 0.987736 0.009995 0.004938 0.003048
0 0.987840 0.468219 0.003507 0.003316
0 0.988998 0.156927 0.003769 0.003562
0 0.989634 0.410125 0.003741 0.003465
0 0.989728 0.631224 0.003456 0.002782
0 0.990429 0.139536 0.003945 0.003116
0 0.990665 0.536187 0.003961 0.003383
0 0.991239 0.111457 0.004281 0.003397
0 0.995810 0.611411 0.007195 0.003436
0 0.993848 0.779644 0.004184 0.003206
0 0.996236 0.310185 0.004066 0.003340
0 0.996771 0.316187 0.005137 0.003471
0 0.993396 0.741456 0.003767 0.003166
0 0.993962 0.861431 0.003426 0.003279
0 0.995357 0.441426 0.006308 0.003872
0 0.994560 0.436605 0.004087 0.003109
0 0.994193 0.432986 0.004128 0.003737
0 0.994180 0.773094 0.003253 0.002951
0 0.994121 0.932596 0.003050 0.002949
0 0.997124 0.257952 0.003619 0.003029
0 0.994397 0.254007 0.007048 0.004034
0 0.995266 0.747503 0.003849 0.003348
0 0.995819 0.637631 0.003166 0.003061
0 0.996365 0.874621 0.003193 0.003017
0 0.995897 0.794989 0.003848 0.003568
0 0.998310 0.071964 0.004982 0.003204
0 0.998783 0.463261 0.003479 0.003330
0 0.998827 0.030562 0.003902 0.002143
0 0.997945 0.976416 0.003541 0.002892
0 0.998351 0.583688 0.003368 0.003180