0 0.017848 0.881033 0.015044 0.011925
0 0.010650 0.715103 0.010572 0.009957
0 0.010929 0.643286 0.011603 0.009858
0 0.014048 0.111777 0.012154 0.009788
0 0.018226 0.074954 0.010424 0.010109
0 0.032189 0.527464 0.012501 0.011356
0 0.045470 0.404376 0.012342 0.012232
0 0.037922 0.911473 0.013585 0.011939
0 0.039335 0.368849 0.011688 0.010766
0 0.044601 0.476787 0.017032 0.010381
0 0.048353 0.448670 0.013253 0.011985
0 0.062047 0.707855 0.012441 0.012034
0 0.076988 0.319748 0.010929 0.010229
0 0.083844 0.729143 0.010996 0.010251
0 0.085409 0.079189 0.011681 0.009820
0 0.086879 0.951176 0.012349 0.011363
0 0.104409 0.509612 0.011402 0.010855
0 0.106694 0.193322 0.011995 0.010851
0 0.116143 0.283440 0.012197 0.011791
0 0.109047 0.070796 0.010696 0.009530
0 0.115055 0.980313 0.012402 0.011723
0 0.112876 0.872675 0.011240 0.010968
0 0.134119 0.462054 0.028918 0.020575
0 0.130551 0.696982 0.012780 0.010558
0 0.129559 0.501809 0.016418 0.010855
0 0.143472 0.209200 0.015132 0.011738
0 0.144429 0.919389 0.012176 0.010833
0 0.146605 0.610129 0.011939 0.011603
0 0.147470 0.349041 0.016757 0.011628
0 0.155337 0.488373 0.015174 0.011508
0 0.161186 0.197561 0.011759 0.010960
0 0.158805 0.399774 0.013624 0.011098
0 0.168445 0.865978 0.012712 0.010727
0 0.179423 0.444683 0.029939 0.015369
0 0.188282 0.209472 0.012529 0.011264
0 0.188925 0.275885 0.010943 0.010424
0 0.190140 0.032002 0.013878 0.011413
0 0.195297 0.404376 0.011536 0.010692
0 0.201238 0.857024 0.012200 0.011194
0 0.221562 0.954962 0.020392 0.012211
0 0.201132 0.954959 0.015542 0.010530
0 0.202679 0.144818 0.011589 0.011225
0 0.223417 0.548721 0.020628 0.013073
0 0.207617 0.790007 0.012479 0.010957
0 0.214074 0.641074 0.013165 0.011925
0 0.220284 0.026813 0.011134 0.010763
0 0.219553 0.727974 0.011688 0.010886
0 0.222096 0.078221 0.019293 0.010752
0 0.230125 0.439716 0.013454 0.011900
0 0.234331 0.918386 0.012737 0.011300
0 0.239195 0.636161 0.012455 0.012151
0 0.236627 0.128174 0.011964 0.011254
0 0.242696 0.393200 0.013793 0.012483
0 0.246182 0.993622 0.028222 0.017516
0 0.245373 0.225328 0.012511 0.011568
0 0.245991 0.791205 0.013112 0.010943
0 0.257835 0.668711 0.012380 0.012140
0 0.263773 0.557608 0.016474 0.013444
0 0.261024 0.250166 0.024860 0.012960
0 0.272638 0.542688 0.013535 0.011081
0 0.263963 0.531427 0.014496 0.012108
0 0.269922 0.197829 0.012515 0.011469
0 0.285432 0.190444 0.011808 0.010975
0 0.272695 0.968162 0.012433 0.011776
0 0.283726 0.978035 0.011526 0.011179
0 0.299724 0.492173 0.012274 0.012052
0 0.292694 0.462789 0.009823 0.008453
0 0.282787 0.233311 0.012455 0.011098
0 0.295103 0.106345 0.012225 0.010989
0 0.305555 0.090379 0.012850 0.011854
0 0.302002 0.805295 0.012306 0.011353
0 0.308589 0.646719 0.014260 0.012924
0 0.312863 0.264461 0.018873 0.012055
0 0.314863 0.978911 0.012101 0.011215
0 0.313492 0.188571 0.012278 0.010847
0 0.322796 0.439946 0.020081 0.015944
0 0.329656 0.420452 0.012836 0.011112
0 0.338892 0.094607 0.011448 0.010904
0 0.333778 0.080828 0.017213 0.012151
0 0.342057 0.345480 0.012412 0.011950
0 0.354999 0.331528 0.012250 0.010699
0 0.346946 0.037141 0.014390 0.010152
0 0.396591 0.586516 0.021631 0.013175
0 0.370492 0.582312 0.015923 0.010166
0 0.394461 0.537457 0.014528 0.009971
0 0.353894 0.446954 0.016400 0.013719
0 0.361234 0.312245 0.014302 0.012352
0 0.373784 0.157982 0.012310 0.011685
0 0.383285 0.973015 0.013165 0.011918
0 0.384695 0.892449 0.011575 0.011554
0 0.389432 0.127203 0.011667 0.010293
0 0.392822 0.515214 0.012900 0.011084
0 0.402282 0.299473 0.012441 0.012144
0 0.402543 0.435753 0.013843 0.013398
0 0.402766 0.342202 0.012377 0.010904
0 0.404055 0.276241 0.014150 0.011646
0 0.408043 0.904829 0.014344 0.013723
0 0.410141 0.485342 0.012561 0.011247
0 0.434905 0.663229 0.012140 0.011755
0 0.416082 0.658757 0.013129 0.012063
0 0.409918 0.675178 0.012681 0.012260
0 0.416351 0.122392 0.015697 0.011967
0 0.421370 0.428819 0.013260 0.012144
0 0.438095 0.321334 0.012808 0.012010
0 0.447406 0.010445 0.014888 0.013652
0 0.468331 0.173616 0.014549 0.012048
0 0.451390 0.156216 0.013935 0.012649
0 0.460892 0.644384 0.014344 0.013740
0 0.493505 0.342117 0.012066 0.011865
0 0.470726 0.331560 0.014055 0.012027
0 0.471019 0.685012 0.016181 0.012811
0 0.476052 0.464276 0.012829 0.012451
0 0.473378 0.050839 0.012649 0.011695
0 0.480478 0.984290 0.018919 0.012370
0 0.470019 0.997642 0.015121 0.009159
0 0.479118 0.216144 0.017421 0.014683
0 0.477716 0.362890 0.014383 0.011766
0 0.507860 0.044266 0.009717 0.008325
0 0.494303 0.283525 0.015305 0.013451
0 0.507698 0.276867 0.019035 0.011709
0 0.507228 0.064036 0.011752 0.010918
0 0.524260 0.622929 0.013468 0.012490
0 0.530445 0.636479 0.014613 0.013366
0 0.527937 0.271911 0.012119 0.011833
0 0.529385 0.931194 0.029674 0.016322
0 0.531204 0.658615 0.014620 0.012769
0 0.545146 0.491078 0.012599 0.012366
0 0.551147 0.654387 0.014528 0.012631
0 0.552836 0.206321 0.016743 0.011628
0 0.552532 0.468804 0.013490 0.011748
0 0.559010 0.886939 0.013122 0.012087
0 0.576954 0.877165 0.022511 0.012801
0 0.598130 0.875805 0.020812 0.015623
0 0.557753 0.543133 0.015245 0.011646
0 0.573065 0.552147 0.023412 0.014256
0 0.580875 0.969515 0.016467 0.010247
0 0.575622 0.935454 0.013447 0.011784
0 0.580762 0.580493 0.013405 0.012628
0 0.596406 0.058575 0.012472 0.011734
0 0.600623 0.771170 0.012712 0.012172
0 0.611425 0.567131 0.012607 0.008975
0 0.616734 0.438378 0.013687 0.011628
0 0.635656 0.050497 0.014772 0.012893
0 0.632124 0.923462 0.015107 0.012384
0 0.654391 0.426131 0.012380 0.012158
0 0.654013 0.678043 0.017386 0.010402
0 0.670321 0.666994 0.013020 0.011858
0 0.649658 0.535390 0.011812 0.011243
0 0.654896 0.377309 0.012165 0.010784
0 0.656383 0.941667 0.013288 0.012988
0 0.668311 0.803006 0.021091 0.011769
0 0.668845 0.208733 0.013822 0.013260
0 0.692225 0.849303 0.013108 0.011960
0 0.695612 0.715975 0.043962 0.028632
0 0.687382 0.049780 0.013783 0.011568
0 0.689074 0.895395 0.013624 0.012645
0 0.696386 0.997805 0.011889 0.006199
0 0.704895 0.875600 0.028420 0.015884
0 0.707247 0.602608 0.012709 0.011667
0 0.705368 0.160593 0.011607 0.011300
0 0.715746 0.426008 0.011978 0.011102
0 0.725865 0.988419 0.012437 0.012232
0 0.732050 0.168455 0.013295 0.012260
0 0.734947 0.324894 0.011303 0.010561
0 0.738712 0.594993 0.011550 0.011134
0 0.749627 0.960494 0.019063 0.011561
0 0.759736 0.318706 0.012617 0.012013
0 0.767461 0.365819 0.016220 0.012048
0 0.777899 0.994615 0.012024 0.011932
0 0.778531 0.143045 0.013331 0.011215
0 0.776779 0.118266 0.012688 0.011434
0 0.782141 0.824468 0.014549 0.011257
0 0.800244 0.946594 0.014344 0.012486
0 0.808912 0.679032 0.014577 0.012172
0 0.807372 0.388188 0.011974 0.011342
0 0.809862 0.164326 0.011773 0.011621
0 0.824263 0.232491 0.018428 0.013613
0 0.825464 0.450412 0.012108 0.011335
0 0.842712 0.991673 0.012857 0.012674
0 0.842457 0.255663 0.015948 0.011285
0 0.836502 0.179123 0.011794 0.011240
0 0.846431 0.930932 0.017117 0.012621
0 0.866519 0.915295 0.040292 0.020628
0 0.870012 0.549696 0.013009 0.012154
0 0.871178 0.715184 0.012165 0.011236
0 0.880390 0.622043 0.013521 0.010968
0 0.885942 0.041613 0.015008 0.011243
0 0.894007 0.347274 0.012388 0.011367
0 0.899828 0.941490 0.013853 0.012829
0 0.904787 0.962355 0.015743 0.011798
0 0.909923 0.277396 0.022154 0.011727
0 0.904285 0.053693 0.011049 0.010858
0 0.905260 0.177074 0.012737 0.012299
0 0.923847 0.615925 0.014874 0.012568
0 0.946778 0.920551 0.015079 0.012412
0 0.949342 0.209002 0.012260 0.011957
0 0.946453 0.053958 0.012335 0.011356
0 0.965195 0.717275 0.013613 0.011522
0 0.970105 0.684630 0.012751 0.011349
0 0.973217 0.426379 0.012624 0.011649
0 0.994329 0.296340 0.030833 0.011854
0 0.983216 0.079701 0.015595 0.010759
0 0.988518 0.356274 0.013221 0.010809