0 0.143066 0.821289 0.102539 0.0195312 0.101648
0 0.174316 0.785645 0.110352 0.0224609 0.101791
0 0.731934 0.193848 0.106445 0.0283203 0.103031
0 0.300781 0.817383 0.0820312 0.0253906 0.111831
0 0.30127 0.850098 0.0849609 0.0341797 0.113793
0 0.268555 0.855469 0.0683594 0.03125 0.114484
0 0.236816 0.856445 0.0712891 0.03125 0.115902
0 0.729492 0.225098 0.117188 0.0322266 0.116476
0 0.205078 0.856934 0.0820312 0.0380859 0.117806
0 0.234863 0.819336 0.0712891 0.0253906 0.120312
0 0.268066 0.819336 0.0732422 0.0234375 0.12732
0 0.143066 0.821289 0.102539 0.0195312 0.101648
0 0.174316 0.785645 0.110352 0.0224609 0.101791
0 0.731934 0.193848 0.106445 0.0283203 0.103031
0 0.300781 0.817383 0.0820312 0.0253906 0.111831
0 0.30127 0.850098 0.0849609 0.0341797 0.113793
0 0.268555 0.855469 0.0683594 0.03125 0.114484
0 0.236816 0.856445 0.0712891 0.03125 0.115902
0 0.729492 0.225098 0.117188 0.0322266 0.116476
0 0.205078 0.856934 0.0820312 0.0380859 0.117806
0 0.234863 0.819336 0.0712891 0.0253906 0.120312
0 0.268066 0.819336 0.0732422 0.0234375 0.12732
0 0.143066 0.821289 0.102539 0.0195312 0.101648
0 0.174316 0.785645 0.110352 0.0224609 0.101791
0 0.731934 0.193848 0.106445 0.0283203 0.103031
0 0.300781 0.817383 0.0820312 0.0253906 0.111831
0 0.30127 0.850098 0.0849609 0.0341797 0.113793
0 0.268555 0.855469 0.0683594 0.03125 0.114484
0 0.236816 0.856445 0.0712891 0.03125 0.115902
0 0.729492 0.225098 0.117188 0.0322266 0.116476
0 0.205078 0.856934 0.0820312 0.0380859 0.117806
0 0.234863 0.819336 0.0712891 0.0253906 0.120312
0 0.268066 0.819336 0.0732422 0.0234375 0.12732
0 0.143066 0.821289 0.102539 0.0195312 0.101648
0 0.174316 0.785645 0.110352 0.0224609 0.101791
0 0.731934 0.193848 0.106445 0.0283203 0.103031
0 0.300781 0.817383 0.0820312 0.0253906 0.111831
0 0.30127 0.850098 0.0849609 0.0341797 0.113793
0 0.268555 0.855469 0.0683594 0.03125 0.114484
0 0.236816 0.856445 0.0712891 0.03125 0.115902
0 0.729492 0.225098 0.117188 0.0322266 0.116476
0 0.205078 0.856934 0.0820312 0.0380859 0.117806
0 0.234863 0.819336 0.0712891 0.0253906 0.120312
0 0.268066 0.819336 0.0732422 0.0234375 0.12732
0 0.143066 0.821289 0.102539 0.0195312 0.101648
0 0.174316 0.785645 0.110352 0.0224609 0.101791
0 0.731934 0.193848 0.106445 0.0283203 0.103031
0 0.300781 0.817383 0.0820312 0.0253906 0.111831
0 0.30127 0.850098 0.0849609 0.0341797 0.113793
0 0.268555 0.855469 0.0683594 0.03125 0.114484
0 0.236816 0.856445 0.0712891 0.03125 0.115902
0 0.729492 0.225098 0.117188 0.0322266 0.116476
0 0.205078 0.856934 0.0820312 0.0380859 0.117806
0 0.234863 0.819336 0.0712891 0.0253906 0.120312
0 0.268066 0.819336 0.0732422 0.0234375 0.12732
0 0.143066 0.821289 0.102539 0.0195312 0.101648
0 0.174316 0.785645 0.110352 0.0224609 0.101791
0 0.731934 0.193848 0.106445 0.0283203 0.103031
0 0.300781 0.817383 0.0820312 0.0253906 0.111831
0 0.30127 0.850098 0.0849609 0.0341797 0.113793
0 0.268555 0.855469 0.0683594 0.03125 0.114484
0 0.236816 0.856445 0.0712891 0.03125 0.115902
0 0.729492 0.225098 0.117188 0.0322266 0.116476
0 0.205078 0.856934 0.0820312 0.0380859 0.117806
0 0.234863 0.819336 0.0712891 0.0253906 0.120312
0 0.268066 0.819336 0.0732422 0.0234375 0.12732
0 0.143066 0.821289 0.102539 0.0195312 0.101648
0 0.174316 0.785645 0.110352 0.0224609 0.101791
0 0.731934 0.193848 0.106445 0.0283203 0.103031
0 0.300781 0.817383 0.0820312 0.0253906 0.111831
0 0.30127 0.850098 0.0849609 0.0341797 0.113793
0 0.268555 0.855469 0.0683594 0.03125 0.114484
0 0.236816 0.856445 0.0712891 0.03125 0.115902
0 0.729492 0.225098 0.117188 0.0322266 0.116476
0 0.205078 0.856934 0.0820312 0.0380859 0.117806
0 0.234863 0.819336 0.0712891 0.0253906 0.120312
0 0.268066 0.819336 0.0732422 0.0234375 0.12732
0 0.143066 0.821289 0.102539 0.0195312 0.101648
0 0.174316 0.785645 0.110352 0.0224609 0.101791
0 0.731934 0.193848 0.106445 0.0283203 0.103031
0 0.300781 0.817383 0.0820312 0.0253906 0.111831
0 0.30127 0.850098 0.0849609 0.0341797 0.113793
0 0.268555 0.855469 0.0683594 0.03125 0.114484
0 0.236816 0.856445 0.0712891 0.03125 0.115902
0 0.729492 0.225098 0.117188 0.0322266 0.116476
0 0.205078 0.856934 0.0820312 0.0380859 0.117806
0 0.234863 0.819336 0.0712891 0.0253906 0.120312
0 0.268066 0.819336 0.0732422 0.0234375 0.12732
