0 0.490723 0.782715 0.116211 0.0322266 0.102064
0 0.547852 0.785156 0.107422 0.0351562 0.113586
0 0.268555 0.190918 0.125 0.0146484 0.129054
0 0.175293 0.192383 0.0986328 0.0136719 0.134495
0 0.490723 0.782715 0.116211 0.0322266 0.102064
0 0.547852 0.785156 0.107422 0.0351562 0.113586
0 0.268555 0.190918 0.125 0.0146484 0.129054
0 0.175293 0.192383 0.0986328 0.0136719 0.134495
0 0.490723 0.782715 0.116211 0.0322266 0.102064
0 0.547852 0.785156 0.107422 0.0351562 0.113586
0 0.268555 0.190918 0.125 0.0146484 0.129054
0 0.175293 0.192383 0.0986328 0.0136719 0.134495
0 0.490723 0.782715 0.116211 0.0322266 0.102064
0 0.547852 0.785156 0.107422 0.0351562 0.113586
0 0.268555 0.190918 0.125 0.0146484 0.129054
0 0.175293 0.192383 0.0986328 0.0136719 0.134495
0 0.490723 0.782715 0.116211 0.0322266 0.102064
0 0.547852 0.785156 0.107422 0.0351562 0.113586
0 0.268555 0.190918 0.125 0.0146484 0.129054
0 0.175293 0.192383 0.0986328 0.0136719 0.134495
0 0.490723 0.782715 0.116211 0.0322266 0.102064
0 0.547852 0.785156 0.107422 0.0351562 0.113586
0 0.268555 0.190918 0.125 0.0146484 0.129054
0 0.175293 0.192383 0.0986328 0.0136719 0.134495
0 0.490723 0.782715 0.116211 0.0322266 0.102064
0 0.547852 0.785156 0.107422 0.0351562 0.113586
0 0.268555 0.190918 0.125 0.0146484 0.129054
0 0.175293 0.192383 0.0986328 0.0136719 0.134495
0 0.490723 0.782715 0.116211 0.0322266 0.102064
0 0.547852 0.785156 0.107422 0.0351562 0.113586
0 0.268555 0.190918 0.125 0.0146484 0.129054
0 0.175293 0.192383 0.0986328 0.0136719 0.134495
