0 0.449707 0.224121 0.118164 0.0263672 0.101013
0 0.26123 0.785645 0.108398 0.0498047 0.105603
0 0.674805 0.854492 0.132812 0.0273438 0.107014
0 0.269531 0.852051 0.101562 0.0283203 0.107456
0 0.360352 0.194336 0.105469 0.0273438 0.117466
0 0.26416 0.819336 0.0927734 0.0351562 0.119058
0 0.449707 0.224121 0.118164 0.0263672 0.101013
0 0.26123 0.785645 0.108398 0.0498047 0.105603
0 0.674805 0.854492 0.132812 0.0273438 0.107014
0 0.269531 0.852051 0.101562 0.0283203 0.107456
0 0.360352 0.194336 0.105469 0.0273438 0.117466
0 0.26416 0.819336 0.0927734 0.0351562 0.119058
0 0.449707 0.224121 0.118164 0.0263672 0.101013
0 0.26123 0.785645 0.108398 0.0498047 0.105603
0 0.674805 0.854492 0.132812 0.0273438 0.107014
0 0.269531 0.852051 0.101562 0.0283203 0.107456
0 0.360352 0.194336 0.105469 0.0273438 0.117466
0 0.26416 0.819336 0.0927734 0.0351562 0.119058
0 0.449707 0.224121 0.118164 0.0263672 0.101013
0 0.26123 0.785645 0.108398 0.0498047 0.105603
0 0.674805 0.854492 0.132812 0.0273438 0.107014
0 0.269531 0.852051 0.101562 0.0283203 0.107456
0 0.360352 0.194336 0.105469 0.0273438 0.117466
0 0.26416 0.819336 0.0927734 0.0351562 0.119058
0 0.449707 0.224121 0.118164 0.0263672 0.101013
0 0.26123 0.785645 0.108398 0.0498047 0.105603
0 0.674805 0.854492 0.132812 0.0273438 0.107014
0 0.269531 0.852051 0.101562 0.0283203 0.107456
0 0.360352 0.194336 0.105469 0.0273438 0.117466
0 0.26416 0.819336 0.0927734 0.0351562 0.119058
0 0.449707 0.224121 0.118164 0.0263672 0.101013
0 0.26123 0.785645 0.108398 0.0498047 0.105603
0 0.674805 0.854492 0.132812 0.0273438 0.107014
0 0.269531 0.852051 0.101562 0.0283203 0.107456
0 0.360352 0.194336 0.105469 0.0273438 0.117466
0 0.26416 0.819336 0.0927734 0.0351562 0.119058
0 0.449707 0.224121 0.118164 0.0263672 0.101013
0 0.26123 0.785645 0.108398 0.0498047 0.105603
0 0.674805 0.854492 0.132812 0.0273438 0.107014
0 0.269531 0.852051 0.101562 0.0283203 0.107456
0 0.360352 0.194336 0.105469 0.0273438 0.117466
0 0.26416 0.819336 0.0927734 0.0351562 0.119058
0 0.449707 0.224121 0.118164 0.0263672 0.101013
0 0.26123 0.785645 0.108398 0.0498047 0.105603
0 0.674805 0.854492 0.132812 0.0273438 0.107014
0 0.269531 0.852051 0.101562 0.0283203 0.107456
0 0.360352 0.194336 0.105469 0.0273438 0.117466
0 0.26416 0.819336 0.0927734 0.0351562 0.119058
