0 0.29248 0.789551 0.104492 0.0400391 0.102385
0 0.544922 0.821289 0.113281 0.0332031 0.104791
0 0.549805 0.854492 0.123047 0.03125 0.113951
0 0.29248 0.789551 0.104492 0.0400391 0.102385
0 0.544922 0.821289 0.113281 0.0332031 0.104791
0 0.549805 0.854492 0.123047 0.03125 0.113951
0 0.29248 0.789551 0.104492 0.0400391 0.102385
0 0.544922 0.821289 0.113281 0.0332031 0.104791
0 0.549805 0.854492 0.123047 0.03125 0.113951
0 0.29248 0.789551 0.104492 0.0400391 0.102385
0 0.544922 0.821289 0.113281 0.0332031 0.104791
0 0.549805 0.854492 0.123047 0.03125 0.113951
0 0.29248 0.789551 0.104492 0.0400391 0.102385
0 0.544922 0.821289 0.113281 0.0332031 0.104791
0 0.549805 0.854492 0.123047 0.03125 0.113951
0 0.29248 0.789551 0.104492 0.0400391 0.102385
0 0.544922 0.821289 0.113281 0.0332031 0.104791
0 0.549805 0.854492 0.123047 0.03125 0.113951
0 0.29248 0.789551 0.104492 0.0400391 0.102385
0 0.544922 0.821289 0.113281 0.0332031 0.104791
0 0.549805 0.854492 0.123047 0.03125 0.113951
0 0.29248 0.789551 0.104492 0.0400391 0.102385
0 0.544922 0.821289 0.113281 0.0332031 0.104791
0 0.549805 0.854492 0.123047 0.03125 0.113951
