0 0.396484 0.853516 0.130859 0.03125 0.100908
0 0.864258 0.161621 0.126953 0.0166016 0.102102
0 0.63623 0.440918 0.110352 0.0322266 0.103519
0 0.450195 0.787598 0.107422 0.0439453 0.104226
0 0.63623 0.472168 0.0927734 0.0302734 0.105339
0 0.450195 0.753906 0.119141 0.046875 0.106171
0 0.668945 0.47168 0.103516 0.0234375 0.109765
0 0.702148 0.503418 0.109375 0.0263672 0.112708
0 0.701172 0.535156 0.113281 0.0273438 0.113931
0 0.396484 0.853516 0.130859 0.03125 0.100908
0 0.864258 0.161621 0.126953 0.0166016 0.102102
0 0.63623 0.440918 0.110352 0.0322266 0.103519
0 0.450195 0.787598 0.107422 0.0439453 0.104226
0 0.63623 0.472168 0.0927734 0.0302734 0.105339
0 0.450195 0.753906 0.119141 0.046875 0.106171
0 0.668945 0.47168 0.103516 0.0234375 0.109765
0 0.702148 0.503418 0.109375 0.0263672 0.112708
0 0.701172 0.535156 0.113281 0.0273438 0.113931
0 0.396484 0.853516 0.130859 0.03125 0.100908
0 0.864258 0.161621 0.126953 0.0166016 0.102102
0 0.63623 0.440918 0.110352 0.0322266 0.103519
0 0.450195 0.787598 0.107422 0.0439453 0.104226
0 0.63623 0.472168 0.0927734 0.0302734 0.105339
0 0.450195 0.753906 0.119141 0.046875 0.106171
0 0.668945 0.47168 0.103516 0.0234375 0.109765
0 0.702148 0.503418 0.109375 0.0263672 0.112708
0 0.701172 0.535156 0.113281 0.0273438 0.113931
0 0.396484 0.853516 0.130859 0.03125 0.100908
0 0.864258 0.161621 0.126953 0.0166016 0.102102
0 0.63623 0.440918 0.110352 0.0322266 0.103519
0 0.450195 0.787598 0.107422 0.0439453 0.104226
0 0.63623 0.472168 0.0927734 0.0302734 0.105339
0 0.450195 0.753906 0.119141 0.046875 0.106171
0 0.668945 0.47168 0.103516 0.0234375 0.109765
0 0.702148 0.503418 0.109375 0.0263672 0.112708
0 0.701172 0.535156 0.113281 0.0273438 0.113931
0 0.396484 0.853516 0.130859 0.03125 0.100908
0 0.864258 0.161621 0.126953 0.0166016 0.102102
0 0.63623 0.440918 0.110352 0.0322266 0.103519
0 0.450195 0.787598 0.107422 0.0439453 0.104226
0 0.63623 0.472168 0.0927734 0.0302734 0.105339
0 0.450195 0.753906 0.119141 0.046875 0.106171
0 0.668945 0.47168 0.103516 0.0234375 0.109765
0 0.702148 0.503418 0.109375 0.0263672 0.112708
0 0.701172 0.535156 0.113281 0.0273438 0.113931
0 0.396484 0.853516 0.130859 0.03125 0.100908
0 0.864258 0.161621 0.126953 0.0166016 0.102102
0 0.63623 0.440918 0.110352 0.0322266 0.103519
0 0.450195 0.787598 0.107422 0.0439453 0.104226
0 0.63623 0.472168 0.0927734 0.0302734 0.105339
0 0.450195 0.753906 0.119141 0.046875 0.106171
0 0.668945 0.47168 0.103516 0.0234375 0.109765
0 0.702148 0.503418 0.109375 0.0263672 0.112708
0 0.701172 0.535156 0.113281 0.0273438 0.113931
0 0.396484 0.853516 0.130859 0.03125 0.100908
0 0.864258 0.161621 0.126953 0.0166016 0.102102
0 0.63623 0.440918 0.110352 0.0322266 0.103519
0 0.450195 0.787598 0.107422 0.0439453 0.104226
0 0.63623 0.472168 0.0927734 0.0302734 0.105339
0 0.450195 0.753906 0.119141 0.046875 0.106171
0 0.668945 0.47168 0.103516 0.0234375 0.109765
0 0.702148 0.503418 0.109375 0.0263672 0.112708
0 0.701172 0.535156 0.113281 0.0273438 0.113931
0 0.396484 0.853516 0.130859 0.03125 0.100908
0 0.864258 0.161621 0.126953 0.0166016 0.102102
0 0.63623 0.440918 0.110352 0.0322266 0.103519
0 0.450195 0.787598 0.107422 0.0439453 0.104226
0 0.63623 0.472168 0.0927734 0.0302734 0.105339
0 0.450195 0.753906 0.119141 0.046875 0.106171
0 0.668945 0.47168 0.103516 0.0234375 0.109765
0 0.702148 0.503418 0.109375 0.0263672 0.112708
0 0.701172 0.535156 0.113281 0.0273438 0.113931
