0 0.416992 0.784668 0.0839844 0.0361328 0.100484
0 0.675781 0.852539 0.107422 0.0292969 0.100913
0 0.51123 0.724609 0.104492 0.0488281 0.100919
0 0.54248 0.787109 0.0771484 0.0332031 0.101341
0 0.739258 0.132812 0.0917969 0.0175781 0.101557
0 0.828125 0.632324 0.0761719 0.0263672 0.102113
0 0.668945 0.754883 0.119141 0.0410156 0.10271
0 0.670898 0.785156 0.09375 0.0410156 0.10341
0 0.32959 0.854004 0.0927734 0.0205078 0.104161
0 0.771973 0.132324 0.0927734 0.0205078 0.104487
0 0.510742 0.755371 0.101562 0.0458984 0.107242
0 0.573242 0.784668 0.0878906 0.0322266 0.10993
0 0.390137 0.819336 0.0908203 0.0273438 0.110779
0 0.606445 0.786133 0.0957031 0.0390625 0.110858
0 0.416992 0.784668 0.0839844 0.0361328 0.100484
0 0.675781 0.852539 0.107422 0.0292969 0.100913
0 0.51123 0.724609 0.104492 0.0488281 0.100919
0 0.54248 0.787109 0.0771484 0.0332031 0.101341
0 0.739258 0.132812 0.0917969 0.0175781 0.101557
0 0.828125 0.632324 0.0761719 0.0263672 0.102113
0 0.668945 0.754883 0.119141 0.0410156 0.10271
0 0.670898 0.785156 0.09375 0.0410156 0.10341
0 0.32959 0.854004 0.0927734 0.0205078 0.104161
0 0.771973 0.132324 0.0927734 0.0205078 0.104487
0 0.510742 0.755371 0.101562 0.0458984 0.107242
0 0.573242 0.784668 0.0878906 0.0322266 0.10993
0 0.390137 0.819336 0.0908203 0.0273438 0.110779
0 0.606445 0.786133 0.0957031 0.0390625 0.110858
0 0.416992 0.784668 0.0839844 0.0361328 0.100484
0 0.675781 0.852539 0.107422 0.0292969 0.100913
0 0.51123 0.724609 0.104492 0.0488281 0.100919
0 0.54248 0.787109 0.0771484 0.0332031 0.101341
0 0.739258 0.132812 0.0917969 0.0175781 0.101557
0 0.828125 0.632324 0.0761719 0.0263672 0.102113
0 0.668945 0.754883 0.119141 0.0410156 0.10271
0 0.670898 0.785156 0.09375 0.0410156 0.10341
0 0.32959 0.854004 0.0927734 0.0205078 0.104161
0 0.771973 0.132324 0.0927734 0.0205078 0.104487
0 0.510742 0.755371 0.101562 0.0458984 0.107242
0 0.573242 0.784668 0.0878906 0.0322266 0.10993
0 0.390137 0.819336 0.0908203 0.0273438 0.110779
0 0.606445 0.786133 0.0957031 0.0390625 0.110858
0 0.416992 0.784668 0.0839844 0.0361328 0.100484
0 0.675781 0.852539 0.107422 0.0292969 0.100913
0 0.51123 0.724609 0.104492 0.0488281 0.100919
0 0.54248 0.787109 0.0771484 0.0332031 0.101341
0 0.739258 0.132812 0.0917969 0.0175781 0.101557
0 0.828125 0.632324 0.0761719 0.0263672 0.102113
0 0.668945 0.754883 0.119141 0.0410156 0.10271
0 0.670898 0.785156 0.09375 0.0410156 0.10341
0 0.32959 0.854004 0.0927734 0.0205078 0.104161
0 0.771973 0.132324 0.0927734 0.0205078 0.104487
0 0.510742 0.755371 0.101562 0.0458984 0.107242
0 0.573242 0.784668 0.0878906 0.0322266 0.10993
0 0.390137 0.819336 0.0908203 0.0273438 0.110779
0 0.606445 0.786133 0.0957031 0.0390625 0.110858
0 0.416992 0.784668 0.0839844 0.0361328 0.100484
0 0.675781 0.852539 0.107422 0.0292969 0.100913
0 0.51123 0.724609 0.104492 0.0488281 0.100919
0 0.54248 0.787109 0.0771484 0.0332031 0.101341
0 0.739258 0.132812 0.0917969 0.0175781 0.101557
0 0.828125 0.632324 0.0761719 0.0263672 0.102113
0 0.668945 0.754883 0.119141 0.0410156 0.10271
0 0.670898 0.785156 0.09375 0.0410156 0.10341
0 0.32959 0.854004 0.0927734 0.0205078 0.104161
0 0.771973 0.132324 0.0927734 0.0205078 0.104487
0 0.510742 0.755371 0.101562 0.0458984 0.107242
0 0.573242 0.784668 0.0878906 0.0322266 0.10993
0 0.390137 0.819336 0.0908203 0.0273438 0.110779
0 0.606445 0.786133 0.0957031 0.0390625 0.110858
0 0.416992 0.784668 0.0839844 0.0361328 0.100484
0 0.675781 0.852539 0.107422 0.0292969 0.100913
0 0.51123 0.724609 0.104492 0.0488281 0.100919
0 0.54248 0.787109 0.0771484 0.0332031 0.101341
0 0.739258 0.132812 0.0917969 0.0175781 0.101557
0 0.828125 0.632324 0.0761719 0.0263672 0.102113
0 0.668945 0.754883 0.119141 0.0410156 0.10271
0 0.670898 0.785156 0.09375 0.0410156 0.10341
0 0.32959 0.854004 0.0927734 0.0205078 0.104161
0 0.771973 0.132324 0.0927734 0.0205078 0.104487
0 0.510742 0.755371 0.101562 0.0458984 0.107242
0 0.573242 0.784668 0.0878906 0.0322266 0.10993
0 0.390137 0.819336 0.0908203 0.0273438 0.110779
0 0.606445 0.786133 0.0957031 0.0390625 0.110858
0 0.416992 0.784668 0.0839844 0.0361328 0.100484
0 0.675781 0.852539 0.107422 0.0292969 0.100913
0 0.51123 0.724609 0.104492 0.0488281 0.100919
0 0.54248 0.787109 0.0771484 0.0332031 0.101341
0 0.739258 0.132812 0.0917969 0.0175781 0.101557
0 0.828125 0.632324 0.0761719 0.0263672 0.102113
0 0.668945 0.754883 0.119141 0.0410156 0.10271
0 0.670898 0.785156 0.09375 0.0410156 0.10341
0 0.32959 0.854004 0.0927734 0.0205078 0.104161
0 0.771973 0.132324 0.0927734 0.0205078 0.104487
0 0.510742 0.755371 0.101562 0.0458984 0.107242
0 0.573242 0.784668 0.0878906 0.0322266 0.10993
0 0.390137 0.819336 0.0908203 0.0273438 0.110779
0 0.606445 0.786133 0.0957031 0.0390625 0.110858
0 0.416992 0.784668 0.0839844 0.0361328 0.100484
0 0.675781 0.852539 0.107422 0.0292969 0.100913
0 0.51123 0.724609 0.104492 0.0488281 0.100919
0 0.54248 0.787109 0.0771484 0.0332031 0.101341
0 0.739258 0.132812 0.0917969 0.0175781 0.101557
0 0.828125 0.632324 0.0761719 0.0263672 0.102113
0 0.668945 0.754883 0.119141 0.0410156 0.10271
0 0.670898 0.785156 0.09375 0.0410156 0.10341
0 0.32959 0.854004 0.0927734 0.0205078 0.104161
0 0.771973 0.132324 0.0927734 0.0205078 0.104487
0 0.510742 0.755371 0.101562 0.0458984 0.107242
0 0.573242 0.784668 0.0878906 0.0322266 0.10993
0 0.390137 0.819336 0.0908203 0.0273438 0.110779
0 0.606445 0.786133 0.0957031 0.0390625 0.110858
