0 0.829102 0.658691 0.00390625 0.000976562 0.0902667
0 0.828125 0.564941 0.00585938 0.000976562 0.0924297
0 0.829102 0.596191 0.00585938 0.000976562 0.0930369
0 0.856934 0.786621 0.00292969 0.000976562 0.0942539
0 0.898926 0.890137 0.00488281 0.00292969 0.0950329
0 0.82959 0.626465 0.00488281 0.000976562 0.095103
0 0.826172 0.689941 0.00390625 0.000976562 0.0953721
0 0.825684 0.753418 0.00292969 0.000976562 0.0961371
0 0.723145 0.754395 0.00292969 0.000976562 0.0971742
0 0.759277 0.790039 0.000976562 0.00195312 0.0974054
0 0.791504 0.789062 0.000976562 0.00195312 0.103831
0 0.825195 0.785645 0.00195312 0.000976562 0.104015
0 0.757324 0.754883 0.00292969 0.00195312 0.10499
0 0.791016 0.755371 0.00195312 0.000976562 0.106216
