0 0.420898 0.818848 0.00585938 0.000976562 0.0902932
0 0.353027 0.285156 0.00683594 0.00195312 0.0905392
0 0.414551 0.286621 0.00683594 0.000976562 0.0905601
0 0.352051 0.229004 0.00488281 0.000976562 0.0909377
0 0.322266 0.228027 0.00585938 0.000976562 0.0920934
0 0.357422 0.195801 0.00390625 0.000976562 0.0934855
0 0.859863 0.785645 0.00488281 0.000976562 0.0935835
0 0.327637 0.194336 0.00488281 0.00195312 0.0941469
0 0.446289 0.788574 0.00585938 0.00292969 0.0951591
0 0.353027 0.258789 0.00488281 0.00195312 0.0957544
0 0.258789 0.786133 0.00585938 0.00195312 0.0977996
0 0.384766 0.258789 0.00585938 0.00195312 0.098601
0 0.384277 0.285645 0.00683594 0.000976562 0.0990726
0 0.289062 0.786133 0.00585938 0.00195312 0.100629
0 0.262207 0.818848 0.00488281 0.000976562 0.103587
0 0.29248 0.819336 0.00488281 0.00195312 0.111431
