0 0.256348 0.595703 0.00488281 0.00195312 0.0900095
0 0.319824 0.566406 0.00488281 0.00195312 0.0901753
0 0.671387 0.193848 0.00488281 0.000976562 0.0903397
0 0.349609 0.31543 0.00390625 0.00195312 0.0903448
0 0.299805 0.162598 0.00390625 0.000976562 0.0904591
0 0.287109 0.629883 0.00585938 0.00195312 0.0905021
0 0.478027 0.254395 0.00488281 0.00292969 0.0905424
0 0.38623 0.223633 0.00488281 0.00195312 0.0906046
0 0.390137 0.193359 0.00488281 0.00195312 0.0909013
0 0.856445 0.319336 0.00390625 0.00195312 0.0909659
0 0.414062 0.56543 0.00390625 0.00195312 0.0910251
0 0.599121 0.380859 0.00488281 0.00195312 0.0913648
0 0.261719 0.817383 0.00585938 0.00195312 0.0915111
0 0.821777 0.351074 0.00488281 0.000976562 0.0915345
0 0.288086 0.597168 0.00390625 0.00292969 0.0916205
0 0.255859 0.28418 0.00390625 0.00195312 0.0917194
0 0.412598 0.597656 0.00292969 0.00195312 0.0918191
0 0.352051 0.598633 0.00488281 0.00195312 0.0919612
0 0.475098 0.568359 0.00488281 0.00195312 0.0920214
0 0.198242 0.473633 0.00390625 0.00195312 0.0921691
0 0.23291 0.222656 0.00488281 0.00195312 0.0921882
0 0.853516 0.479004 0.00390625 0.000976562 0.0924924
0 0.503906 0.345703 0.00390625 0.00195312 0.0925201
0 0.473145 0.438477 0.00292969 0.00195312 0.092534
0 0.759277 0.753418 0.00488281 0.000976562 0.0925362
0 0.537598 0.284668 0.00488281 0.00292969 0.0925514
0 0.358887 0.853027 0.00488281 0.000976562 0.0928276
0 0.444336 0.566895 0.00390625 0.000976562 0.0928449
0 0.445312 0.788086 0.00585938 0.00195312 0.0928499
0 0.474121 0.65918 0.00488281 0.00195312 0.0931109
0 0.442383 0.692383 0.00585938 0.00195312 0.0931584
0 0.756836 0.387207 0.00585938 0.00292969 0.0932696
0 0.318359 0.78418 0.00585938 0.00195312 0.0935842
0 0.443359 0.597656 0.00390625 0.00195312 0.0936345
0 0.320312 0.255371 0.00390625 0.00292969 0.0936466
0 0.632324 0.413086 0.00488281 0.00195312 0.0936883
0 0.322266 0.223633 0.00390625 0.00195312 0.0937092
0 0.255371 0.563965 0.00488281 0.000976562 0.0937273
0 0.420898 0.193359 0.00585938 0.00195312 0.0937632
0 0.441895 0.723633 0.00683594 0.00195312 0.0937658
0 0.287109 0.56543 0.00390625 0.00195312 0.0938927
0 0.444336 0.754883 0.00585938 0.00195312 0.0941294
0 0.757324 0.354492 0.00683594 0.00195312 0.0942635
0 0.226074 0.564941 0.00292969 0.000976562 0.0942817
0 0.381348 0.28418 0.00292969 0.00195312 0.0944637
0 0.506836 0.470215 0.00390625 0.000976562 0.0945077
0 0.442383 0.345703 0.00390625 0.00195312 0.0945628
0 0.47168 0.40625 0.00195312 0.00195312 0.0946436
0 0.259766 0.223633 0.00390625 0.00195312 0.0948075
0 0.289062 0.255371 0.00390625 0.00292969 0.094873
0 0.791504 0.753418 0.00488281 0.000976562 0.0949575
0 0.507812 0.566406 0.00585938 0.00195312 0.0949836
0 0.475098 0.724609 0.00683594 0.00195312 0.0950133
0 0.47168 0.375488 0.00390625 0.000976562 0.0950853
0 0.791504 0.477051 0.00488281 0.000976562 0.0951449
0 0.442383 0.314941 0.00390625 0.000976562 0.0954092
0 0.856445 0.381836 0.00390625 0.00195312 0.0956461
0 0.475098 0.598633 0.00488281 0.00195312 0.0956826
0 0.416992 0.224609 0.00585938 0.00195312 0.0956853
0 0.317383 0.28418 0.00390625 0.00195312 0.0956956
0 0.349609 0.284668 0.00390625 0.00292969 0.0957217
0 0.414062 0.533203 0.00390625 0.00195312 0.0957231
0 0.821289 0.384277 0.00390625 0.000976562 0.0957358
0 0.442383 0.65918 0.00585938 0.00195312 0.0960693
0 0.211914 0.158691 0.00585938 0.000976562 0.0962744
0 0.759766 0.690918 0.00585938 0.000976562 0.0962767
0 0.447266 0.255371 0.00585938 0.00292969 0.0965992
0 0.415527 0.254883 0.00488281 0.00195312 0.0966654
0 0.73291 0.820312 0.00488281 0.00195312 0.0967108
0 0.209961 0.1875 0.0078125 0 0.0969536
0 0.443359 0.284668 0.00390625 0.000976562 0.0971042
0 0.474121 0.314453 0.00488281 0.00195312 0.0973276
0 0.509766 0.724609 0.00585938 0.00195312 0.0974166
0 0.505859 0.28418 0.00390625 0.00195312 0.0974356
0 0.567383 0.379883 0.00390625 0.00195312 0.0974514
0 0.854004 0.509277 0.00292969 0.000976562 0.0975054
0 0.473633 0.345215 0.00390625 0.000976562 0.0975133
0 0.756836 0.418945 0.00585938 0.00195312 0.0976389
0 0.444336 0.501465 0.00390625 0.000976562 0.0976653
0 0.854492 0.541016 0.00390625 0.00195312 0.0976789
0 0.412109 0.28418 0.00390625 0.00195312 0.0977461
0 0.508301 0.503418 0.00488281 0.000976562 0.0978504
0 0.726562 0.446289 0.00390625 0.00195312 0.0979193
0 0.477051 0.786133 0.00488281 0.00195312 0.0979809
0 0.475098 0.503418 0.00488281 0.000976562 0.0982991
0 0.502441 0.375977 0.00292969 0.00195312 0.0983177
0 0.855469 0.787598 0.00585938 0.000976562 0.0985358
0 0.728516 0.754395 0.00585938 0.000976562 0.0986154
0 0.475098 0.536133 0.00488281 0.00195312 0.098676
0 0.268555 0.162598 0.00390625 0.000976562 0.0988965
0 0.32666 0.191895 0.00488281 0.000976562 0.0990342
0 0.599609 0.412109 0.00390625 0.00195312 0.0990665
0 0.287109 0.284668 0.00390625 0.00292969 0.0991044
0 0.444336 0.533691 0.00390625 0.000976562 0.0992078
0 0.507812 0.535156 0.00585938 0.00195312 0.099333
0 0.510254 0.692383 0.00683594 0.00195312 0.0993841
0 0.475098 0.28418 0.00488281 0.00195312 0.0994668
0 0.571289 0.472168 0.00390625 0.000976562 0.0994815
0 0.198242 0.504395 0.00390625 0.000976562 0.0995807
0 0.226562 0.502441 0.00390625 0.000976562 0.0997054
0 0.855469 0.351562 0.00390625 0.00195312 0.0998706
0 0.290527 0.224609 0.00292969 0.00195312 0.0998777
0 0.226074 0.53418 0.00292969 0.00195312 0.0999749
0 0.535156 0.378418 0.00390625 0.00292969 0.10014
0 0.503906 0.407227 0.00390625 0.00195312 0.100354
0 0.857422 0.414062 0.00390625 0.00195312 0.100449
0 0.789551 0.353516 0.00488281 0.00195312 0.100493
0 0.508301 0.660156 0.00683594 0.00195312 0.100614
0 0.662598 0.443359 0.00292969 0.00195312 0.100683
0 0.442871 0.628906 0.00488281 0.00195312 0.101061
0 0.506836 0.597168 0.00585938 0.000976562 0.101348
0 0.238281 0.161621 0.00390625 0.000976562 0.101514
0 0.199219 0.535645 0.00390625 0.000976562 0.101567
0 0.474121 0.629883 0.00488281 0.00195312 0.101913
0 0.733887 0.191895 0.00488281 0.000976562 0.102084
0 0.505371 0.439941 0.00292969 0.000976562 0.102248
0 0.759766 0.723633 0.00585938 0.00195312 0.102822
0 0.822754 0.478027 0.00488281 0.000976562 0.102846
0 0.793457 0.784668 0.00488281 0.000976562 0.102914
0 0.508789 0.755859 0.00585938 0.00195312 0.103065
0 0.32373 0.816895 0.00488281 0.000976562 0.1031
0 0.505859 0.628906 0.00585938 0.00195312 0.103162
0 0.541504 0.788086 0.00488281 0.00195312 0.103162
0 0.539062 0.470215 0.00390625 0.000976562 0.103818
0 0.693848 0.444336 0.00292969 0.00195312 0.104005
0 0.537109 0.410156 0.00390625 0.00195312 0.104247
0 0.760254 0.783691 0.00488281 0.000976562 0.104587
0 0.293945 0.817383 0.00585938 0.00195312 0.10459
0 0.327637 0.851074 0.00488281 0.000976562 0.104949
0 0.568359 0.412109 0.00390625 0.00195312 0.105133
0 0.79248 0.662598 0.00488281 0.000976562 0.105315
0 0.476562 0.755371 0.00585938 0.000976562 0.105398
0 0.82373 0.603027 0.00488281 0.000976562 0.105734
0 0.822266 0.572754 0.00390625 0.000976562 0.10593
0 0.789551 0.386719 0.00488281 0.00195312 0.106083
0 0.631836 0.443359 0.00390625 0.00195312 0.1061
0 0.825684 0.78418 0.00488281 0.00195312 0.10617
0 0.757812 0.448242 0.00390625 0.00195312 0.106476
0 0.702148 0.193848 0.00390625 0.000976562 0.106567
0 0.824219 0.508301 0.00390625 0.000976562 0.106746
0 0.853516 0.756348 0.00585938 0.000976562 0.10689
0 0.855469 0.603516 0.00390625 0.00195312 0.10697
0 0.510254 0.787598 0.00488281 0.000976562 0.107257
0 0.824707 0.753418 0.00488281 0.000976562 0.107462
0 0.568848 0.442383 0.00292969 0.00195312 0.107916
0 0.788574 0.418457 0.00488281 0.000976562 0.109004
0 0.854492 0.573242 0.00390625 0.00195312 0.110021
0 0.856445 0.447266 0.00390625 0.00195312 0.110241
0 0.72998 0.785156 0.00488281 0.00195312 0.110472
0 0.82373 0.633301 0.00488281 0.000976562 0.111243
0 0.600098 0.444336 0.00292969 0.00195312 0.111246
0 0.537109 0.44043 0.00390625 0.00195312 0.112636
0 0.789551 0.724121 0.00488281 0.000976562 0.112966
0 0.791504 0.449707 0.00488281 0.000976562 0.113045
0 0.23584 0.190918 0.00488281 0.000976562 0.114573
0 0.856445 0.633789 0.00390625 0.00195312 0.115899
0 0.791016 0.694824 0.00390625 0.000976562 0.116381
0 0.294434 0.192871 0.00488281 0.000976562 0.116973
0 0.855957 0.664551 0.00292969 0.000976562 0.117568
0 0.821289 0.694824 0.00390625 0.000976562 0.117584
0 0.854004 0.726074 0.00488281 0.000976562 0.118506
0 0.822266 0.664551 0.00390625 0.000976562 0.118966
0 0.821777 0.725098 0.00488281 0.000976562 0.120205
0 0.821289 0.416504 0.00390625 0.000976562 0.120472
0 0.85498 0.695312 0.00488281 0.00195312 0.120624
0 0.265137 0.191895 0.00488281 0.000976562 0.121975
0 0.821289 0.44873 0.00390625 0.000976562 0.128566
