0 0.672363 0.890625 0.00292969 0.00195312 0.0901026
0 0.694824 0.599609 0.00488281 0.00195312 0.0901636
0 0.515625 0.852051 0.00585938 0.000976562 0.0901739
0 0.382324 0.287109 0.00683594 0.00195312 0.0907
0 0.829102 0.165039 0.00390625 0 0.0911919
0 0.729004 0.537109 0.00488281 0.00195312 0.0914081
0 0.694336 0.661133 0.00585938 0.00195312 0.0923802
0 0.385742 0.258301 0.00585938 0.00292969 0.0925365
0 0.728027 0.567871 0.00488281 0.000976562 0.0930634
0 0.693848 0.629883 0.00488281 0.00195312 0.0935355
0 0.421875 0.190918 0.00585938 0.000976562 0.0936572
0 0.76416 0.221191 0.00683594 0.000976562 0.0940622
0 0.826172 0.784668 0.00390625 0.000976562 0.0943052
0 0.538574 0.787598 0.00488281 0.00292969 0.0948166
0 0.321777 0.286133 0.00683594 0.00195312 0.0949728
0 0.631348 0.751953 0.00488281 0.00195312 0.0957211
0 0.692383 0.751953 0.00390625 0.00195312 0.0958903
0 0.668945 0.819824 0.00390625 0.000976562 0.0960706
0 0.79834 0.220215 0.00683594 0.000976562 0.0963593
0 0.725098 0.752441 0.00488281 0.000976562 0.0963738
0 0.451172 0.191895 0.00585938 0.000976562 0.0968028
0 0.352539 0.286133 0.00585938 0.00195312 0.0976691
0 0.831055 0.221191 0.00585938 0.000976562 0.0978386
0 0.764648 0.819824 0.00390625 0.000976562 0.0978416
0 0.859375 0.164062 0.00390625 0 0.098379
0 0.637207 0.818848 0.00488281 0.000976562 0.0984064
0 0.663086 0.785156 0.00390625 0.00195312 0.0990275
0 0.546875 0.851074 0.00585938 0.000976562 0.0995262
0 0.73291 0.220215 0.00683594 0.000976562 0.0995435
0 0.547363 0.189453 0.00683594 0 0.0996162
0 0.669434 0.854004 0.00488281 0.000976562 0.0998813
0 0.860352 0.223145 0.00585938 0.000976562 0.100187
0 0.631836 0.783691 0.00390625 0.00292969 0.100268
0 0.731934 0.818848 0.00292969 0.000976562 0.100809
0 0.733398 0.853027 0.00390625 0.000976562 0.100962
0 0.793945 0.785156 0.00390625 0 0.101961
0 0.513672 0.190918 0.00585938 0.000976562 0.102277
0 0.70166 0.85498 0.00488281 0.000976562 0.103006
0 0.760742 0.784668 0.00390625 0.000976562 0.10375
0 0.482422 0.190918 0.00585938 0.000976562 0.105104
0 0.638184 0.852051 0.00488281 0.000976562 0.105578
0 0.544434 0.819336 0.00488281 0.00195312 0.107014
0 0.700195 0.821289 0.00390625 0.00195312 0.107467
0 0.602051 0.785645 0.00488281 0.00292969 0.107607
0 0.580078 0.188477 0.00585938 0 0.10843
0 0.569824 0.786621 0.00488281 0.00292969 0.109636
0 0.695312 0.785645 0.00390625 0.000976562 0.110176
0 0.577637 0.850098 0.00488281 0.000976562 0.111124
0 0.606934 0.818848 0.00488281 0.000976562 0.111251
0 0.60791 0.851074 0.00488281 0.000976562 0.112686
0 0.726562 0.78418 0.00390625 0.00195312 0.113306
0 0.575195 0.819336 0.00390625 0.00195312 0.117158
0 0.67334 0.188965 0.00683594 0.000976562 0.119209
0 0.612305 0.188965 0.00585938 0.000976562 0.122919
0 0.704102 0.188965 0.00585938 0.000976562 0.123732
0 0.643555 0.188965 0.00585938 0.000976562 0.125419
0 0.734863 0.189941 0.00488281 0.000976562 0.131495
0 0.765625 0.189941 0.00585938 0.000976562 0.1322
0 0.797363 0.188965 0.00488281 0.000976562 0.141453
0 0.858887 0.191895 0.00488281 0.000976562 0.141604
0 0.828613 0.191406 0.00488281 0 0.14724
