0 0.604492 0.253418 0.00585938 0.000976562 0.0900797
0 0.479492 0.722168 0.00585938 0.000976562 0.0901336
0 0.632324 0.285645 0.00488281 0.000976562 0.0903807
0 0.509766 0.722656 0.00585938 0.00195312 0.0905891
0 0.695801 0.253906 0.00488281 0.00195312 0.0906955
0 0.824707 0.378418 0.00488281 0.000976562 0.0907653
0 0.792969 0.285156 0.00585938 0.00195312 0.0907851
0 0.597656 0.564941 0.00390625 0.000976562 0.0908765
0 0.728027 0.253906 0.00488281 0.00195312 0.0911871
0 0.664062 0.284668 0.00585938 0.000976562 0.0912785
0 0.760742 0.254395 0.00585938 0.000976562 0.0912878
0 0.454102 0.891602 0.00195312 0.00195312 0.0913128
0 0.614746 0.131348 0.00488281 0.000976562 0.091331
0 0.791504 0.225098 0.00488281 0.000976562 0.0914126
0 0.422363 0.891602 0.00292969 0.00195312 0.0916304
0 0.32373 0.788086 0.00488281 0.00195312 0.0921794
0 0.539062 0.723145 0.00585938 0.000976562 0.0927606
0 0.597168 0.691406 0.00488281 0.00195312 0.0928296
0 0.792969 0.379395 0.00585938 0.000976562 0.0928677
0 0.661621 0.598145 0.00488281 0.00292969 0.0931934
0 0.421875 0.820801 0.00390625 0.000976562 0.093668
0 0.328125 0.893555 0.00195312 0.00195312 0.0937525
0 0.20166 0.785645 0.00488281 0.000976562 0.0944919
0 0.641113 0.192871 0.00488281 0.000976562 0.0955959
0 0.634766 0.253906 0.00585938 0.00195312 0.0957866
0 0.665039 0.254395 0.00585938 0.000976562 0.0959986
0 0.296387 0.853516 0.00488281 0.00195312 0.0962674
0 0.566895 0.753418 0.00488281 0.000976562 0.0964614
0 0.296875 0.893555 0.00195312 0.00195312 0.0965283
0 0.416504 0.754395 0.00488281 0.000976562 0.0968712
0 0.585449 0.130859 0.00488281 0 0.0970111
0 0.609375 0.221191 0.00585938 0.000976562 0.0971094
0 0.482422 0.855469 0.00195312 0.00195312 0.0974813
0 0.202148 0.891113 0.00390625 0.000976562 0.0975103
0 0.567871 0.690918 0.00488281 0.000976562 0.097595
0 0.792969 0.753418 0.00585938 0.000976562 0.0978137
0 0.447754 0.754395 0.00488281 0.000976562 0.0978421
0 0.265137 0.893066 0.00292969 0.000976562 0.0978731
0 0.358887 0.822266 0.00488281 0.00195312 0.0979053
0 0.234863 0.891602 0.00292969 0.00195312 0.0984927
0 0.385742 0.786133 0.00390625 0.00195312 0.0987962
0 0.791504 0.254883 0.00488281 0.00195312 0.0990664
0 0.571289 0.78418 0.00390625 0.00195312 0.100118
0 0.584473 0.159668 0.00683594 0.000976562 0.100172
0 0.390625 0.820312 0.00390625 0.00195312 0.100242
0 0.478027 0.754883 0.00488281 0.00195312 0.101085
0 0.174316 0.785645 0.00488281 0.000976562 0.101087
0 0.484863 0.820312 0.00292969 0.00195312 0.101223
0 0.858398 0.785645 0.00390625 0.000976562 0.10147
0 0.797852 0.85498 0.00390625 0.000976562 0.101565
0 0.35498 0.788086 0.00488281 0.00195312 0.101623
0 0.453613 0.820801 0.00292969 0.000976562 0.10333
0 0.507324 0.755371 0.00488281 0.000976562 0.104948
0 0.20459 0.853027 0.00488281 0.000976562 0.105555
0 0.235352 0.853516 0.00390625 0.00195312 0.106392
0 0.762695 0.783203 0.00390625 0.00195312 0.1072
0 0.358398 0.85498 0.00390625 0.000976562 0.107201
0 0.265625 0.854004 0.00390625 0.000976562 0.10723
0 0.536621 0.754883 0.00488281 0.00195312 0.107839
0 0.857422 0.819824 0.00390625 0.000976562 0.107926
0 0.861328 0.854004 0.00390625 0.000976562 0.108084
0 0.540527 0.784668 0.00292969 0.000976562 0.10894
0 0.612305 0.189941 0.00585938 0.000976562 0.10953
0 0.390137 0.892578 0.00292969 0.00195312 0.110024
0 0.82666 0.784668 0.00292969 0.000976562 0.110443
0 0.828613 0.854004 0.00292969 0.000976562 0.110475
0 0.358887 0.892578 0.00292969 0.00195312 0.111564
0 0.509277 0.785156 0.00292969 0.00195312 0.111679
0 0.61377 0.161133 0.00488281 0 0.112488
0 0.41748 0.786621 0.00292969 0.000976562 0.112631
0 0.794922 0.818848 0.00390625 0.000976562 0.114856
0 0.792969 0.784668 0.00390625 0.000976562 0.11524
0 0.450684 0.854492 0.00292969 0.00195312 0.115396
0 0.419434 0.853516 0.00292969 0.00195312 0.117573
0 0.479004 0.786133 0.00292969 0.00195312 0.118544
0 0.826172 0.818848 0.00390625 0.000976562 0.120604
0 0.447754 0.786133 0.00292969 0.00195312 0.122023
0 0.388672 0.854004 0.00390625 0.000976562 0.123121
