0 0.26709 0.819336 0.00488281 0.00195312 0.0907594
0 0.605469 0.221191 0.0078125 0.000976562 0.090828
0 0.759766 0.787598 0.00585938 0.000976562 0.0909697
0 0.576172 0.191895 0.00585938 0.000976562 0.0919641
0 0.444824 0.348145 0.00683594 0.000976562 0.0927277
0 0.642578 0.189453 0.0078125 0 0.0950049
0 0.23291 0.853027 0.00292969 0.000976562 0.0950285
0 0.793457 0.786621 0.00488281 0.000976562 0.0985986
0 0.0112305 0.146484 0.0224609 0.0078125 0.0986008
0 0.235352 0.820312 0.00390625 0.00195312 0.100714
0 0.609375 0.190918 0.00585938 0.000976562 0.109801
