0 0.453125 0.191895 0.00585938 0.000976562 0.0900393
0 0.174805 0.193359 0.00585938 0 0.0901887
0 0.790039 0.316406 0.00390625 0.00195312 0.0902146
0 0.228516 0.474121 0.00585938 0.000976562 0.0903267
0 0.390137 0.192871 0.00488281 0.000976562 0.0906368
0 0.509277 0.254395 0.00683594 0.000976562 0.0913904
0 0.694824 0.784668 0.00488281 0.000976562 0.0919783
0 0.203125 0.503906 0.00585938 0.00195312 0.0920029
0 0.20459 0.221191 0.00683594 0.000976562 0.092269
0 0.70166 0.818848 0.00488281 0.000976562 0.0924995
0 0.510742 0.223145 0.00585938 0.000976562 0.0928323
0 0.360352 0.191895 0.00585938 0.000976562 0.0928569
0 0.82666 0.785156 0.00488281 0.00195312 0.0928961
0 0.324707 0.221191 0.00683594 0.000976562 0.0931117
0 0.578613 0.818848 0.00488281 0.000976562 0.0940544
0 0.201172 0.853027 0.00390625 0.000976562 0.0943387
0 0.261719 0.222168 0.0078125 0.000976562 0.0944033
0 0.734375 0.189941 0.00585938 0.000976562 0.0944067
0 0.171875 0.473145 0.00585938 0.000976562 0.0947931
0 0.734375 0.853027 0.00585938 0.000976562 0.0950507
0 0.200684 0.473145 0.00488281 0.000976562 0.0953678
0 0.291992 0.22168 0.0078125 0.00195312 0.0953852
0 0.478516 0.224121 0.00585938 0.000976562 0.0963107
0 0.541016 0.788086 0.00585938 0.00195312 0.0970583
0 0.23291 0.221191 0.00683594 0.000976562 0.0973082
0 0.601074 0.78418 0.00488281 0.00195312 0.0989684
0 0.477539 0.256348 0.00585938 0.000976562 0.0990203
0 0.328613 0.191895 0.00488281 0.000976562 0.0991315
0 0.864258 0.816895 0.00585938 0.000976562 0.0998957
0 0.483398 0.190918 0.00585938 0.000976562 0.100312
0 0.889648 0.347168 0.00585938 0.000976562 0.100345
0 0.732422 0.818848 0.00390625 0.000976562 0.101288
0 0.515137 0.189941 0.00488281 0.000976562 0.101428
0 0.835938 0.850098 0.00585938 0.000976562 0.101768
0 0.757812 0.287598 0.00390625 0.00292969 0.103016
0 0.571777 0.786621 0.00488281 0.000976562 0.104274
0 0.203613 0.192871 0.00488281 0.000976562 0.104317
0 0.763184 0.819824 0.00488281 0.000976562 0.10469
0 0.758301 0.255859 0.00488281 0.00195312 0.104754
0 0.76709 0.854004 0.00488281 0.000976562 0.105185
0 0.726562 0.785156 0.00390625 0.00195312 0.106424
0 0.80127 0.851562 0.00488281 0.00195312 0.10643
0 0.758789 0.785645 0.00390625 0.00292969 0.106544
0 0.831543 0.818359 0.00488281 0.00195312 0.10684
0 0.823242 0.314941 0.00390625 0.000976562 0.107585
0 0.791992 0.787109 0.00390625 0.00195312 0.109664
0 0.856934 0.314941 0.00488281 0.000976562 0.109705
0 0.869141 0.847168 0.00585938 0.000976562 0.109736
0 0.85791 0.346191 0.00488281 0.000976562 0.110546
0 0.23291 0.192871 0.00488281 0.000976562 0.111068
0 0.29541 0.193359 0.00488281 0.00195312 0.113837
0 0.789062 0.287598 0.00390625 0.00292969 0.11387
0 0.26416 0.193848 0.00488281 0.000976562 0.117074
0 0.797363 0.819824 0.00488281 0.000976562 0.118016
0 0.82373 0.25293 0.00488281 0.00195312 0.120246
0 0.790527 0.255859 0.00488281 0.00195312 0.122545
0 0.821289 0.285156 0.00390625 0.00195312 0.125145
