0 0.227051 0.566406 0.00488281 0.00195312 0.0900898
0 0.577148 0.189941 0.00585938 0.000976562 0.090404
0 0.225586 0.689453 0.00390625 0.00195312 0.0904336
0 0.484375 0.85498 0.00585938 0.000976562 0.0906061
0 0.544434 0.189941 0.00683594 0.000976562 0.0906814
0 0.294434 0.192871 0.00488281 0.000976562 0.0907324
0 0.609375 0.190918 0.00585938 0.000976562 0.0909543
0 0.319824 0.380371 0.00488281 0.000976562 0.091013
0 0.321289 0.253906 0.00585938 0.00195312 0.0912775
0 0.359375 0.884766 0.00390625 0.00195312 0.0913646
0 0.727051 0.789551 0.00683594 0.00292969 0.0915495
0 0.229492 0.253906 0.00585938 0.00195312 0.091618
0 0.19873 0.56543 0.00488281 0.00195312 0.0916601
0 0.733398 0.822266 0.00585938 0.00195312 0.091678
0 0.666992 0.25293 0.00585938 0.00195312 0.0918644
0 0.296875 0.854004 0.00390625 0.000976562 0.0922112
0 0.322266 0.221191 0.00585938 0.000976562 0.0927708
0 0.450684 0.822266 0.00488281 0.00195312 0.0929823
0 0.226562 0.65918 0.00390625 0.00195312 0.0940287
0 0.765137 0.190918 0.00488281 0.000976562 0.0941888
0 0.601562 0.222168 0.00585938 0.000976562 0.0945142
0 0.602539 0.252441 0.00585938 0.000976562 0.0946746
0 0.694336 0.789062 0.00585938 0.00195312 0.0947663
0 0.351074 0.380371 0.00488281 0.000976562 0.0948875
0 0.389648 0.191895 0.00585938 0.000976562 0.0956458
0 0.260742 0.226562 0.00585938 0.00195312 0.0956592
0 0.634277 0.222168 0.00683594 0.000976562 0.0956603
0 0.168945 0.597168 0.00390625 0.000976562 0.0958194
0 0.325684 0.190918 0.00488281 0.000976562 0.0960571
0 0.328613 0.885742 0.00292969 0.00195312 0.0963049
0 0.259766 0.254395 0.00585938 0.000976562 0.0972048
0 0.734863 0.190918 0.00488281 0.000976562 0.0975194
0 0.291016 0.253906 0.00585938 0.00195312 0.0985861
0 0.197754 0.628906 0.00292969 0.00195312 0.0991426
0 0.35791 0.190918 0.00488281 0.000976562 0.100951
0 0.291992 0.224121 0.00585938 0.000976562 0.101102
0 0.388184 0.853027 0.00292969 0.000976562 0.101359
0 0.452637 0.853516 0.00488281 0.00195312 0.101571
0 0.196289 0.597656 0.00390625 0.00195312 0.101965
0 0.226562 0.597656 0.00390625 0.00195312 0.102634
0 0.32666 0.853516 0.00292969 0.00195312 0.104194
0 0.634766 0.252441 0.00585938 0.000976562 0.104423
0 0.226074 0.628906 0.00292969 0.00195312 0.105349
0 0.38916 0.819824 0.00292969 0.000976562 0.106126
0 0.262695 0.782227 0.00390625 0.00195312 0.106266
0 0.419922 0.852539 0.00390625 0.00195312 0.106545
0 0.357422 0.854004 0.00195312 0.000976562 0.108412
0 0.296387 0.817871 0.00292969 0.000976562 0.108845
0 0.415527 0.788086 0.00488281 0.00195312 0.109361
0 0.291016 0.783203 0.00390625 0.00195312 0.109986
0 0.383789 0.787109 0.00390625 0.00195312 0.110281
0 0.419922 0.821289 0.00390625 0.00195312 0.110995
0 0.35791 0.817871 0.00292969 0.000976562 0.114958
0 0.353516 0.785156 0.00390625 0.00195312 0.115891
0 0.322754 0.784668 0.00292969 0.000976562 0.118307
0 0.32666 0.818359 0.00292969 0.00195312 0.124983
