0 0.53125 0.0617188 0.015625 0.0046875 0.0506599
0 0.975781 0.774219 0.0140625 0.0015625 0.0506718
0 0.567969 0.224219 0.0171875 0.0046875 0.0512032
0 0.132031 0.0609375 0.0140625 0.003125 0.0515808
0 0.48125 0.113281 0.015625 0.0046875 0.0517173
0 0.399219 0.278906 0.0265625 0.0140625 0.0519543
0 0.134375 0.110937 0.015625 0.003125 0.0520118
0 0.528906 0.108594 0.0171875 0.0046875 0.0520175
0 0.610156 0.846875 0.0296875 0.015625 0.0520731
0 0.625 0.0578125 0.01875 0.003125 0.0524677
0 0.669531 0.16875 0.0171875 0.003125 0.0525842
0 0.1625 0.364844 0.015625 0.0015625 0.0528061
0 0.704687 0.445312 0.01875 0.015625 0.0529131
0 0.663281 0.840625 0.0234375 0.0125 0.0534125
0 0.482812 0.0601562 0.015625 0.0046875 0.0535344
0 0.975 0.826563 0.015625 0.003125 0.0535436
0 0.929688 0.860156 0.01875 0.0046875 0.0536658
0 0.923437 0.0617188 0.015625 0.0046875 0.0537724
0 0.415625 0.227344 0.015625 0.0046875 0.0538336
0 0.525781 0.1625 0.0171875 0.003125 0.0542941
0 0.41875 0.172656 0.0125 0.0046875 0.0547073
0 0.58125 0.0632813 0.015625 0.0046875 0.0551149
0 0.669531 0.1125 0.0171875 0.003125 0.0554163
0 0.178125 0.05625 0.015625 0.003125 0.0559189
0 0.382031 0.113281 0.0140625 0.0046875 0.0560158
0 0.370313 0.167969 0.0125 0.0046875 0.0560227
0 0.228125 0.104687 0.015625 0.003125 0.0570864
0 0.38125 0.0632813 0.015625 0.0046875 0.0579878
0 0.428125 0.116406 0.0125 0.0046875 0.0590712
0 0.907812 0.428906 0.0125 0.0046875 0.0592319
0 0.619531 0.114063 0.0171875 0.003125 0.0595073
0 0.430469 0.0625 0.0140625 0.003125 0.0600508
0 0.674219 0.0601562 0.0171875 0.0046875 0.0602388
0 0.61875 0.170312 0.015625 0.003125 0.0612336
0 0.578125 0.114844 0.015625 0.0046875 0.0639796
0 0.177344 0.108594 0.0171875 0.0015625 0.0640627
0 0.860156 0.421094 0.0171875 0.0046875 0.0650254
0 0.575 0.171094 0.015625 0.0046875 0.0674857
0 0.649219 0.789844 0.0296875 0.0140625 0.076713
0 0.920313 0.811719 0.01875 0.0046875 0.0775923
0 0.602344 0.796094 0.0265625 0.0140625 0.0802761
0 0.403125 0.75625 0.034375 0.00625 0.0847785
0 0.339844 0.723437 0.0046875 0.0125 0.0965579
