0 0.575781 0.164844 0.0140625 0.0015625 0.0500397
0 0.924219 0.157031 0.0171875 0.0015625 0.0503779
0 0.352344 0.510938 0.0171875 0.003125 0.0504317
0 0.776563 0.542969 0.025 0.0015625 0.0507204
0 0.742188 0.585938 0.00625 0.003125 0.0509249
0 0.526563 0.160156 0.015625 0.0015625 0.0510911
0 0.467187 0.255469 0.01875 0.0015625 0.0510953
0 0.297656 0.408594 0.0171875 0.0015625 0.0511995
0 0.40625 0.449219 0.034375 0.0140625 0.051382
0 0.776563 0.05625 0.01875 0.003125 0.0515532
0 0.479688 0.161719 0.015625 0.0046875 0.0518267
0 0.422656 0.25625 0.0171875 0.003125 0.0518289
0 0.478906 0.113281 0.0140625 0.0046875 0.0520085
0 0.427344 0.117969 0.0109375 0.0046875 0.0528719
0 0.113281 0.359375 0.0171875 0.003125 0.0533064
0 0.572656 0.217969 0.0140625 0.0015625 0.0534355
0 0.35 0.413281 0.01875 0.0015625 0.0534784
0 0.475781 0.2125 0.0171875 0.003125 0.0535293
0 0.728125 0.561719 0.009375 0.0015625 0.0538724
0 0.613281 0.44375 0.0203125 0 0.0549313
0 0.461719 0.694531 0.0234375 0.0015625 0.0550742
0 0.929688 0.0539063 0.0125 0.0046875 0.0552973
0 0.754687 0.560938 0.009375 0.003125 0.0554689
0 0.350781 0.457031 0.0171875 0.0015625 0.0554942
0 0.6125 0.397656 0.01875 0.0015625 0.0559378
0 0.429688 0.165625 0.0125 0.003125 0.0559701
0 0.919531 0.10625 0.0140625 0.003125 0.0564678
0 0.56875 0.596094 0.01875 0.0015625 0.0565938
0 0.454688 0.408594 0.015625 0.0015625 0.0568771
0 0.514844 0.255469 0.0203125 0.0015625 0.0569173
0 0.666406 0.492969 0.0234375 0.0015625 0.0573224
0 0.408594 0.696094 0.0234375 0.0015625 0.0585667
0 0.50625 0.605469 0.01875 0.0015625 0.0588561
0 0.563281 0.649219 0.0203125 0.0015625 0.0588706
0 0.453906 0.453906 0.0171875 0.0015625 0.0594488
0 0.566406 0.545313 0.0171875 0 0.0598354
0 0.513281 0.302344 0.0203125 0.0015625 0.0600115
0 0.510156 0.700781 0.0203125 0.0015625 0.0601166
0 0.66875 0.442969 0.021875 0.0015625 0.0602175
0 0.407031 0.364062 0.0171875 0.003125 0.0604037
0 0.505469 0.550781 0.0171875 0.0015625 0.0607992
0 0.566406 0.30625 0.0171875 0 0.0608025
0 0.6625 0.398438 0.01875 0 0.0614372
0 0.508594 0.496094 0.0171875 0.0015625 0.0616297
0 0.51875 0.210938 0.01875 0.003125 0.0618594
0 0.740625 0.5625 0.00625 0.003125 0.0624574
0 0.455469 0.604688 0.0203125 0 0.063088
0 0.454688 0.503906 0.015625 0.0015625 0.0632077
0 0.460156 0.303125 0.0203125 0.003125 0.0632954
0 0.564844 0.491406 0.0203125 0.0015625 0.0640248
0 0.413281 0.305469 0.0171875 0.0015625 0.0644756
0 0.455469 0.647656 0.0203125 0.0015625 0.0653331
0 0.510156 0.4 0.0203125 0 0.0664792
0 0.457031 0.35625 0.0171875 0.003125 0.0664869
0 0.669531 0.0117188 0.0140625 0.0046875 0.066651
0 0.505469 0.652344 0.0203125 0.0015625 0.0671296
0 0.567969 0.348437 0.0171875 0 0.0671375
0 0.509375 0.447656 0.01875 0.0015625 0.0671647
0 0.403906 0.414062 0.0203125 0.003125 0.068446
0 0.45625 0.553906 0.01875 0.0015625 0.0689902
0 0.510938 0.35 0.01875 0 0.0690765
0 0.403125 0.459375 0.01875 0.003125 0.0694397
0 0.567969 0.396875 0.0203125 0 0.069801
0 0.403125 0.505469 0.015625 0.0015625 0.0710464
0 0.563281 0.44375 0.0203125 0 0.0719624
0 0.407031 0.647656 0.0203125 0.0015625 0.0786706
0 0.404687 0.607031 0.021875 0.0015625 0.0798497
0 0.404687 0.558594 0.01875 0.0015625 0.0821987
