0 0.402344 0.928906 0.0015625 0.0046875 0.0500534
0 0.914062 0.363281 0.01875 0.0015625 0.0501196
0 0.45 0.226562 0.021875 0.003125 0.0501817
0 0.609375 0.653906 0.015625 0.0015625 0.0504984
0 0.403125 0.892187 0 0.00625 0.0509867
0 0.504687 0.227344 0.021875 0.0046875 0.051035
0 0.621094 0.0648438 0.0171875 0.0046875 0.0511566
0 0.40625 0.504687 0.0125 0.003125 0.0512728
0 0.560156 0.23125 0.0203125 0.003125 0.0513146
0 0.559375 0.702344 0.01875 0.0015625 0.0514685
0 0.451562 0.604688 0.015625 0.003125 0.0514981
0 0.557031 0.510156 0.0203125 0.0015625 0.0517871
0 0.453906 0.50625 0.0140625 0.003125 0.0520307
0 0.4625 0.0609375 0.01875 0.00625 0.0522819
0 0.564844 0.800781 0.0203125 0.0015625 0.0526978
0 0.410156 0.310937 0.0171875 0.003125 0.0527602
0 0.403906 0.701563 0.0171875 0.003125 0.053019
0 0.347656 0.170312 0.0234375 0.003125 0.0533034
0 0.507031 0.698438 0.0203125 0.003125 0.0534267
0 0.223438 0.0546875 0.015625 0.003125 0.0534414
0 0.507812 0.182031 0.028125 0.0140625 0.0535497
0 0.221875 0.846875 0.021875 0.003125 0.0536451
0 0.397656 0.222656 0.0203125 0.0046875 0.0536567
0 0.177344 0.0523437 0.0140625 0.0046875 0.053835
0 0.55625 0.753125 0.01875 0.003125 0.0539401
0 0.620313 0.11875 0.01875 0.003125 0.0542738
0 0.617188 0.171094 0.015625 0.0015625 0.0545051
0 0.396094 0.110156 0.0203125 0.0046875 0.0546743
0 0.26875 0.797656 0.021875 0.0046875 0.0547176
0 0.510156 0.317187 0.0203125 0.003125 0.0548554
0 0.364844 0.894531 0.0234375 0.0015625 0.0550037
0 0.55625 0.460938 0.021875 0.003125 0.0550892
0 0.133594 0.0523437 0.0109375 0.0046875 0.0552968
0 0.511719 0.798437 0.0234375 0.003125 0.0554165
0 0.560938 0.380469 0.015625 0.0015625 0.0558202
0 0.310937 0.0585938 0.01875 0.0046875 0.0561829
0 0.453125 0.746875 0.021875 0.003125 0.056246
0 0.266406 0.895312 0.0234375 0.003125 0.0566074
0 0.454688 0.698438 0.01875 0.003125 0.0566343
0 0.554688 0.561719 0.01875 0.0015625 0.0568902
0 0.502344 0.75 0.0203125 0.003125 0.0570119
0 0.267969 0.0546875 0.0171875 0.003125 0.0572085
0 0.514844 0.0695312 0.0171875 0.0046875 0.057656
0 0.407813 0.749219 0.021875 0.0015625 0.0577755
0 0.390625 0.919531 0 0.0046875 0.0579316
0 0.845312 0.46875 0.01875 0.003125 0.0581974
0 0.270312 0.846094 0.021875 0.0046875 0.0583973
0 0.500781 0.45625 0.0203125 0.003125 0.0587827
0 0.561719 0.171094 0.0171875 0.0015625 0.0588335
0 0.504687 0.552344 0.01875 0.0015625 0.0593543
0 0.378125 0.922656 0 0.0046875 0.0594549
0 0.39375 0.160156 0.021875 0.0046875 0.0595462
0 0.357812 0.0601562 0.01875 0.0046875 0.0595559
0 0.457812 0.8 0.021875 0.003125 0.0596761
0 0.503906 0.505469 0.0203125 0.0015625 0.059741
0 0.505469 0.407813 0.0171875 0.003125 0.0600929
0 0.792969 0.469531 0.0171875 0.0015625 0.0601226
0 0.452344 0.649219 0.0171875 0.0015625 0.0602096
0 0.45 0.109375 0.021875 0.00625 0.060779
0 0.311719 0.797656 0.0203125 0.0046875 0.0625693
0 0.410156 0.846094 0.0234375 0.0015625 0.0643567
0 0.150781 0.674219 0.0140625 0.0109375 0.065245
0 0.503125 0.121875 0.01875 0.00625 0.0654618
0 0.502344 0.602344 0.0171875 0.0015625 0.0660524
0 0.504687 0.649219 0.01875 0.0015625 0.0667396
0 0.452344 0.163281 0.0234375 0.0046875 0.0668244
0 0.358594 0.845312 0.0234375 0.003125 0.0672626
0 0.358594 0.799219 0.0203125 0.0046875 0.0674631
0 0.31875 0.89375 0.025 0.003125 0.0678012
0 0.403906 0.919531 0.0015625 0.0046875 0.06798
0 0.509375 0.365625 0.01875 0.003125 0.0689937
0 0.5 0.177344 0.01875 0.0046875 0.0694298
0 0.313281 0.84375 0.0234375 0.003125 0.0698272
0 0.553906 0.607813 0.0171875 0 0.0711473
0 0.407813 0.799219 0.021875 0.0015625 0.0733714
0 0.557031 0.653906 0.0171875 0.0015625 0.074004
0 0.795313 0.453906 0.1125 0.0640625 0.0521309
