0 0.2125 0.935938 0.021875 0.0125 0.0503167
0 0.607813 0.455469 0.015625 0.0015625 0.0503714
0 0.865625 0.109375 0.015625 0.003125 0.0504295
0 0.560938 0.665625 0.015625 0.003125 0.0508581
0 0.920313 0.107031 0.015625 0.0046875 0.0510621
0 0.407813 0.745313 0.021875 0.0125 0.051067
0 0.925 0.0554687 0.015625 0.0046875 0.0514423
0 0.111719 0.817969 0.0171875 0.0046875 0.0517046
0 0.610937 0.502344 0.01875 0.0015625 0.0517416
0 0.154687 0.221094 0.01875 0.0046875 0.0523017
0 0.517969 0.308594 0.0171875 0.0015625 0.0523191
0 0.352344 0.459375 0.0203125 0.003125 0.0523595
0 0.509375 0.608594 0.01875 0.0015625 0.0527475
0 0.514844 0.404687 0.0140625 0.003125 0.0527796
0 0.45625 0.740625 0.021875 0.0125 0.052818
0 0.861719 0.0648438 0.0171875 0.0046875 0.052983
0 0.514844 0.450781 0.0171875 0.0046875 0.0534628
0 0.399219 0.0164062 0.0140625 0.0078125 0.054007
0 0.567187 0.8375 0.021875 0.009375 0.054229
0 0.461719 0.453906 0.0140625 0.0046875 0.0544317
0 0.610156 0.553906 0.0171875 0.0015625 0.054673
0 0.260938 0.458594 0.009375 0.0046875 0.0549989
0 0.414844 0.364062 0.0109375 0.003125 0.0552788
0 0.60625 0.364844 0.015625 0.0015625 0.0556623
0 0.4625 0.410156 0.0125 0.0046875 0.0556778
0 0.514844 0.355469 0.0171875 0.0015625 0.0573734
0 0.360938 0.6125 0.015625 0.003125 0.0580785
0 0.410156 0.414844 0.0109375 0.0046875 0.0583776
0 0.60625 0.411719 0.015625 0.0015625 0.0594318
0 0.35625 0.514063 0.0125 0.003125 0.0596507
0 0.465625 0.360938 0.0125 0.003125 0.0613242
0 0.567187 0.311719 0.015625 0.0015625 0.0620163
0 0.510938 0.502344 0.01875 0.0046875 0.0627602
0 0.516406 0.835156 0.0109375 0.0203125 0.0628552
0 0.357812 0.564844 0.015625 0.0046875 0.0629435
0 0.507812 0.55625 0.01875 0.003125 0.066292
0 0.4625 0.796875 0.01875 0.015625 0.066898
0 0.411719 0.460156 0.0140625 0.0046875 0.0679825
0 0.453906 0.614844 0.0171875 0.0015625 0.0684433
0 0.510938 0.786719 0.015625 0.0140625 0.0693333
0 0.459375 0.50625 0.015625 0.00625 0.0726704
0 0.5625 0.557031 0.015625 0.0015625 0.0728803
0 0.5625 0.504687 0.01875 0.003125 0.0730905
0 0.558594 0.361719 0.0171875 0.0015625 0.0741811
0 0.564062 0.454688 0.015625 0.003125 0.0763836
0 0.407031 0.615625 0.0171875 0.003125 0.0784111
0 0.409375 0.510156 0.015625 0.0046875 0.0787371
0 0.558594 0.410156 0.0171875 0.0015625 0.0790851
0 0.453125 0.561719 0.01875 0.0046875 0.0816088
0 0.40625 0.563281 0.015625 0.0046875 0.0924251
