0 0.379687 0.05625 0.01875 0.003125 0.0501239
0 0.757812 0.466406 0.01875 0.0015625 0.0501892
0 0.663281 0.167187 0.0140625 0.003125 0.0502683
0 0.907812 0.553125 0.01875 0.003125 0.0502755
0 0.671094 0.110937 0.0171875 0.003125 0.0502966
0 0.675781 0.905469 0.0140625 0.0015625 0.0504926
0 0.967969 0.4625 0.0171875 0.003125 0.0506471
0 0.90625 0.50625 0.021875 0.003125 0.0506523
0 0.360156 0.596875 0.0140625 0.003125 0.0507814
0 0.572656 0.901563 0.0171875 0.003125 0.0508539
0 0.279687 0.0523437 0.01875 0.0015625 0.0509549
0 0.460156 0.161719 0.0171875 0.0046875 0.051045
0 0.526563 0.897656 0.015625 0.0046875 0.051295
0 0.557813 0.292969 0.00625 0.0203125 0.0513462
0 0.607813 0.416406 0.0125 0.0046875 0.0515821
0 0.271094 0.103906 0.0203125 0.0015625 0.0516607
0 0.460938 0.254687 0.01875 0.00625 0.0517829
0 0.607031 0.174219 0.0140625 0.0046875 0.0522317
0 0.410156 0.310156 0.0171875 0.0046875 0.0522855
0 0.457031 0.459375 0.0203125 0.003125 0.0528387
0 0.407813 0.552344 0.0125 0.0046875 0.0529891
0 0.805469 0.413281 0.0171875 0.0015625 0.0532643
0 0.807813 0.463281 0.015625 0.0015625 0.0533109
0 0.757812 0.414844 0.01875 0.0015625 0.0533599
0 0.527344 0.85 0.0203125 0.00625 0.0536147
0 0.809375 0.358594 0.021875 0.0015625 0.0537034
0 0.607813 0.460938 0.015625 0.003125 0.0540277
0 0.464063 0.64375 0.015625 0.003125 0.0541765
0 0.454688 0.507031 0.0125 0.0046875 0.054437
0 0.611719 0.557031 0.0109375 0.0015625 0.054501
0 0.614844 0.507812 0.0140625 0.003125 0.0550876
0 0.508594 0.242969 0.0109375 0.0140625 0.0551642
0 0.653906 0.447656 0.0296875 0.0140625 0.0563637
0 0.4125 0.6 0.0125 0.003125 0.056693
0 0.526563 0.801562 0.01875 0.00625 0.056803
0 0.624219 0.857813 0.0171875 0.003125 0.0572984
0 0.700781 0.0421875 0.0265625 0.015625 0.0574232
0 0.621094 0.809375 0.0140625 0.003125 0.0587059
0 0.504687 0.553125 0.0125 0.00625 0.058984
0 0.505469 0.267188 0.0140625 0.003125 0.0605931
0 0.407031 0.50625 0.0140625 0.003125 0.0608949
0 0.575781 0.858594 0.0171875 0.0046875 0.0609331
0 0.507031 0.509375 0.0109375 0.003125 0.0612954
0 0.561719 0.509375 0.0140625 0.003125 0.0613507
0 0.511719 0.598437 0.0140625 0.003125 0.0620409
0 0.458594 0.401563 0.0171875 0.003125 0.0621682
0 0.5625 0.272656 0.0125 0.0046875 0.0625431
0 0.955469 0.515625 0.0171875 0.003125 0.062873
0 0.517187 0.645312 0.015625 0.003125 0.0638803
0 0.616406 0.6 0.0109375 0.003125 0.0641793
0 0.464063 0.114063 0.01875 0.003125 0.0648244
0 0.557031 0.240625 0.0109375 0.015625 0.0686368
0 0.575 0.807813 0.015625 0.003125 0.0693398
0 0.571875 0.65 0.0125 0.003125 0.0698293
0 0.557031 0.557813 0.0140625 0.003125 0.0718478
0 0.565625 0.6 0.0125 0.003125 0.09228
