0 0.179688 0.0507812 0.01875 0.0015625 0.0507186
0 0.365625 0.101562 0.0125 0.003125 0.0509515
0 0.45625 0.444531 0.015625 0.0015625 0.0510954
0 0.608594 0.644531 0.0140625 0.0015625 0.0513046
0 0.225 0.05 0.021875 0.003125 0.0514145
0 0.414062 0.747656 0.01875 0.0015625 0.0514388
0 0.578906 0.0445312 0.0234375 0.0015625 0.0516462
0 0.517187 0.203906 0.01875 0.0015625 0.0517862
0 0.371875 0.05 0.015625 0.003125 0.052009
0 0.267188 0.0984375 0.01875 0.003125 0.0523237
0 0.453125 0.494531 0.015625 0.0015625 0.0532728
0 0.404687 0.600781 0.009375 0.0015625 0.0534236
0 0.41875 0.250781 0.01875 0.0015625 0.053583
0 0.457812 0.697656 0.01875 0.0046875 0.0539584
0 0.514844 0.804688 0.0203125 0.003125 0.0541205
0 0.410156 0.444531 0.0140625 0.0015625 0.0542141
0 0.679688 0.053125 0.021875 0.003125 0.0544319
0 0.464063 0.747656 0.021875 0.0046875 0.0545035
0 0.273438 0.0453125 0.021875 0.003125 0.0545952
0 0.928125 0.0984375 0.015625 0.003125 0.0546436
0 0.517187 0.153125 0.01875 0.003125 0.0547173
0 0.5625 0.396094 0.0125 0.0015625 0.0549377
0 0.617188 0.211719 0.01875 0.0015625 0.0557395
0 0.609375 0.596094 0.0125 0.0015625 0.0561309
0 0.635156 0.0476562 0.0203125 0.0015625 0.0562045
0 0.319531 0.1 0.0171875 0.003125 0.056411
0 0.471094 0.247656 0.0203125 0.0015625 0.0566847
0 0.513281 0.395312 0.0140625 0.003125 0.0570464
0 0.567187 0.494531 0.015625 0.0015625 0.0573332
0 0.572656 0.250781 0.0171875 0.0015625 0.0576356
0 0.523438 0.0445312 0.021875 0.0046875 0.0576486
0 0.566406 0.757031 0.0171875 0.0015625 0.0577772
0 0.569531 0.157031 0.0171875 0.0015625 0.0582193
0 0.671094 0.107813 0.0203125 0.003125 0.0585131
0 0.566406 0.210156 0.0171875 0.0015625 0.0591059
0 0.51875 0.248437 0.01875 0.003125 0.0591954
0 0.516406 0.100781 0.0203125 0.0046875 0.0592723
0 0.454688 0.545313 0.0125 0.003125 0.0594976
0 0.563281 0.44375 0.0171875 0.003125 0.0598989
0 0.410937 0.394531 0.015625 0.0015625 0.0602552
0 0.571094 0.103125 0.0203125 0.003125 0.060383
0 0.5625 0.344531 0.0125 0.0015625 0.0604785
0 0.621875 0.103125 0.021875 0.003125 0.0604873
0 0.459375 0.650781 0.015625 0.0015625 0.0613434
0 0.419531 0.0476562 0.0140625 0.0046875 0.0616467
0 0.509375 0.49375 0.015625 0.003125 0.062035
0 0.459375 0.345313 0.01875 0.003125 0.0622602
0 0.454688 0.598437 0.0125 0.003125 0.0640078
0 0.514063 0.754687 0.021875 0.003125 0.0648466
0 0.505469 0.44375 0.0171875 0.003125 0.0648936
0 0.561719 0.547656 0.0140625 0.0015625 0.0653399
0 0.41875 0.292969 0.01875 0.0015625 0.065705
0 0.61875 0.160156 0.01875 0.0015625 0.0664657
0 0.511719 0.546094 0.0140625 0.0015625 0.06715
0 0.560938 0.703906 0.015625 0.0015625 0.0680601
0 0.413281 0.344531 0.0171875 0.0015625 0.0687133
0 0.464844 0.292188 0.0203125 0.003125 0.0692104
0 0.508594 0.599219 0.0140625 0.0015625 0.070427
0 0.565625 0.294531 0.015625 0.0015625 0.0705894
0 0.514844 0.34375 0.0171875 0.003125 0.0735859
0 0.557813 0.599219 0.0125 0.0015625 0.0741568
0 0.508594 0.703125 0.0171875 0.003125 0.0748658
0 0.514844 0.292969 0.0203125 0.0015625 0.0751302
0 0.558594 0.650781 0.0140625 0.0015625 0.0767085
0 0.507812 0.650781 0.015625 0.0015625 0.079979
