0 0.7625 0.749219 0.025 0.0015625 0.0500851
0 0.614844 0.451562 0.0203125 0 0.0502218
0 0.854688 0.3625 0.003125 0.003125 0.0504053
0 0.475781 0.342969 0.0234375 0.0015625 0.0504401
0 0.516406 0.255469 0.0171875 0.0015625 0.0504625
0 0.664062 0.747656 0.025 0.0015625 0.0505855
0 0.683594 0.0523437 0.0234375 0.0015625 0.0506333
0 0.416406 0.300781 0.0203125 0.0015625 0.0506391
0 0.517969 0.303906 0.0171875 0.0015625 0.0506468
0 0.709375 0.749219 0.025 0.0015625 0.0510006
0 0.230469 0.0492188 0.0234375 0.0015625 0.0511542
0 0.121875 0.100781 0.021875 0.0015625 0.0511555
0 0.567969 0.210156 0.0203125 0.0015625 0.05165
0 0.470313 0.248437 0.021875 0 0.0517728
0 0.480469 0.00078125 0.0171875 0.0015625 0.0518498
0 0.514063 0.7625 0.03125 0.015625 0.0519915
0 0.617188 0.35625 0.01875 0 0.0521339
0 0.786719 0.05 0.0171875 0.003125 0.0521971
0 0.66875 0.152344 0.025 0.0015625 0.0522948
0 0.702344 0.602344 0.0203125 0.0015625 0.0523231
0 0.177344 0.0460938 0.0234375 0.0015625 0.0523514
0 0.616406 0.158594 0.0203125 0.0015625 0.052538
0 0.655469 0.697656 0.0234375 0.0015625 0.0526035
0 0.515625 0.496094 0.021875 0.0015625 0.0528855
0 0.809375 0.7 0.025 0.003125 0.0529446
0 0.753125 0.600781 0.021875 0.0015625 0.0529522
0 0.922656 0.446094 0.0234375 0.0015625 0.0529552
0 0.61875 0.402344 0.01875 0.0015625 0.0529724
0 0.46875 0.199219 0.021875 0.0015625 0.0531884
0 0.720312 0.150781 0.025 0.0015625 0.0532092
0 0.774219 0.102344 0.0203125 0.0015625 0.0532094
0 0.634375 0.0492188 0.025 0.0015625 0.0534397
0 0.928906 0.379687 0.0046875 0.00625 0.0534579
0 0.564844 0.752344 0.0203125 0.0015625 0.0535289
0 0.222656 0.105469 0.0203125 0.0015625 0.0535491
0 0.0757812 0.191406 0.0015625 0.0109375 0.053582
0 0.516406 0.444531 0.0234375 0.0015625 0.0536471
0 0.519531 0.202344 0.0203125 0.0015625 0.0540372
0 0.175781 0.0992187 0.0234375 0.0015625 0.0541712
0 0.271875 0.10625 0.021875 0.003125 0.0545274
0 0.614062 0.75 0.021875 0 0.0546625
0 0.326562 0.0546875 0.021875 0.003125 0.0546738
0 0.654688 0.60625 0.01875 0 0.0547345
0 0.413281 0.70625 0.0171875 0.003125 0.0547576
0 0.408594 0.444531 0.0203125 0.0015625 0.0548106
0 0.6125 0.499219 0.01875 0.0015625 0.05491
0 0.466406 0.299219 0.0203125 0.0015625 0.0550972
0 0.842188 0.789062 0.003125 0.003125 0.0554161
0 0.930469 0.394531 0.0234375 0.0015625 0.0556117
0 0.375781 0.0570313 0.0203125 0.0015625 0.0556238
0 0.421094 0.346875 0.0203125 0 0.0567407
0 0.517187 0.350781 0.01875 0.0015625 0.0569766
0 0.611719 0.553906 0.0171875 0.0015625 0.0570528
0 0.274219 0.0523437 0.0234375 0.0015625 0.0571757
0 0.610156 0.603906 0.0171875 0.0015625 0.0575652
0 0.583594 0.0476562 0.0234375 0.0015625 0.0576725
0 0.424219 0.249219 0.0203125 0.0015625 0.0578038
0 0.608594 0.699219 0.0203125 0.0015625 0.0579612
0 0.70625 0.696094 0.025 0.0015625 0.057987
0 0.726562 0.0992187 0.021875 0.0015625 0.0581616
0 0.530469 0.0492188 0.0234375 0.0015625 0.0584497
0 0.420312 0.201562 0.021875 0 0.0585609
0 0.560938 0.700781 0.01875 0.0015625 0.0586542
0 0.807031 0.652344 0.0234375 0.0015625 0.0587112
0 0.572656 0.311719 0.0171875 0.0015625 0.0593421
0 0.674219 0.100781 0.0234375 0.0015625 0.059357
0 0.482031 0.053125 0.0234375 0.003125 0.0594222
0 0.46875 0.392969 0.025 0.0015625 0.0598301
0 0.461719 0.552344 0.0171875 0.0015625 0.0601689
0 0.457031 0.704687 0.0171875 0.003125 0.0605502
0 0.4125 0.496875 0.01875 0 0.060577
0 0.605469 0.650781 0.0203125 0.0015625 0.0611016
0 0.421094 0.396875 0.0203125 0 0.0613268
0 0.419531 0.155469 0.0203125 0.0015625 0.0613344
0 0.55625 0.652344 0.01875 0.0015625 0.0624003
0 0.829687 0.789844 0.003125 0.0046875 0.0628488
0 0.653125 0.649219 0.021875 0.0015625 0.0630233
0 0.478906 0.100781 0.0234375 0.0015625 0.0631725
0 0.464063 0.153906 0.021875 0.0015625 0.0631914
0 0.621094 0.105469 0.0234375 0.0015625 0.0634008
0 0.521094 0.392188 0.0234375 0 0.0640989
0 0.563281 0.399219 0.0203125 0.0015625 0.0647329
0 0.561719 0.446094 0.0203125 0.0015625 0.0649644
0 0.507812 0.701563 0.01875 0.003125 0.0650762
0 0.403906 0.607031 0.0171875 0.0015625 0.0663487
0 0.428906 0.91875 0.0015625 0.00625 0.0665072
0 0.565625 0.35625 0.01875 0 0.0666249
0 0.564062 0.497656 0.021875 0.0015625 0.0671717
0 0.510938 0.549219 0.01875 0.0015625 0.067417
0 0.758594 0.696094 0.0265625 0.0015625 0.06743
0 0.56875 0.159375 0.021875 0 0.0683569
0 0.558594 0.602344 0.0171875 0.0015625 0.0687886
0 0.428906 0.0554687 0.0203125 0.0015625 0.0694463
0 0.854688 0.342187 0.00625 0.003125 0.0697498
0 0.426562 0.103906 0.021875 0.0015625 0.069893
0 0.517969 0.153125 0.0234375 0.003125 0.0705023
0 0.525 0.100781 0.021875 0.0015625 0.0721061
0 0.407813 0.553125 0.01875 0 0.0732412
0 0.409375 0.655469 0.01875 0.0015625 0.0737954
0 0.705469 0.647656 0.0234375 0.0015625 0.0740768
0 0.755469 0.646094 0.0234375 0.0015625 0.0747143
0 0.5625 0.551562 0.01875 0 0.0751233
0 0.505469 0.651563 0.0203125 0.003125 0.0772975
0 0.507031 0.6 0.0203125 0.003125 0.0779771
0 0.572656 0.107031 0.0203125 0.0015625 0.0784946
0 0.455469 0.603125 0.0203125 0.003125 0.0787505
0 0.454688 0.654688 0.01875 0.003125 0.0809499
