0 0.170312 0.601562 0.015625 0.003125 0.0500103
0 0.424219 0.920313 0.0109375 0.00625 0.0500239
0 0.458594 0.308594 0.0234375 0.0046875 0.0500965
0 0.117188 0.403906 0.015625 0.0015625 0.0502103
0 0.223438 0.805469 0.0125 0.0046875 0.0503136
0 0.448438 0.21875 0.021875 0.00625 0.0503938
0 0.558594 0.794531 0.0171875 0.0109375 0.0504144
0 0.613281 0.553906 0.0140625 0.0015625 0.0504258
0 0.370313 0.915625 0.0125 0.00625 0.0505006
0 0.671094 0.0171875 0.0140625 0.003125 0.0505765
0 0.408594 0.136719 0.0234375 0.0140625 0.0506588
0 0.65625 0.452344 0.05 0.0109375 0.051063
0 0.400781 0.696875 0.0421875 0.015625 0.0510995
0 0.755469 0.458594 0.0171875 0.0015625 0.0513595
0 0.972656 0.457812 0.0171875 0.003125 0.0513832
0 0.613281 0.605469 0.0140625 0.0015625 0.0515707
0 0.201562 0.408594 0.01875 0.0015625 0.0519014
0 0.211719 0.553125 0.0140625 0.003125 0.0519229
0 0.652344 0.211719 0.0203125 0.0046875 0.0519341
0 0.203906 0.360156 0.0171875 0.0015625 0.0519404
0 0.178125 0.755469 0.0125 0.0046875 0.0520187
0 0.253125 0.355469 0.015625 0.0015625 0.0523257
0 0.560938 0.06875 0.01875 0.00625 0.0527571
0 0.708594 0.553125 0.0140625 0.003125 0.0527654
0 0.607813 0.357812 0.01875 0.003125 0.0528137
0 0.175 0.804688 0.0125 0.00625 0.0529779
0 0.407031 0.311719 0.0234375 0.0046875 0.0530007
0 0.416406 0.765625 0.0109375 0.00625 0.0530565
0 0.121094 0.553125 0.0140625 0.003125 0.0531591
0 0.608594 0.132812 0.0203125 0.0125 0.0532934
0 0.648438 0.164062 0.021875 0.003125 0.0533061
0 0.466406 0.657812 0.0171875 0.00625 0.0534785
0 0.355469 0.214844 0.0203125 0.0046875 0.05353
0 0.6125 0.0679687 0.015625 0.0046875 0.053721
0 0.850781 0.605469 0.0171875 0.0015625 0.0538034
0 0.29375 0.461719 0.01875 0.0015625 0.053821
0 0.860156 0.400781 0.0203125 0.0015625 0.0540016
0 0.410937 0.357812 0.021875 0.003125 0.0540415
0 0.494531 0.211719 0.0234375 0.0046875 0.054053
0 0.809375 0.403906 0.021875 0.0015625 0.0541366
0 0.707031 0.170312 0.0203125 0.00625 0.0541995
0 0.973437 0.507031 0.01875 0.0015625 0.0545173
0 0.461719 0.355469 0.0203125 0.0046875 0.0546043
0 0.446875 0.166406 0.021875 0.0046875 0.0546403
0 0.164062 0.553125 0.015625 0.003125 0.0546639
0 0.41875 0.821875 0.0125 0.00625 0.0548458
0 0.111719 0.455469 0.0140625 0.0015625 0.0548853
0 0.464844 0.816406 0.0140625 0.0078125 0.0549772
0 0.603125 0.122656 0.01875 0.0078125 0.0550921
0 0.407031 0.260938 0.0234375 0.00625 0.0556227
0 0.371094 0.867969 0.0109375 0.0078125 0.0556761
0 0.909375 0.400781 0.015625 0.0015625 0.0564316
0 0.463281 0.600781 0.0171875 0.0046875 0.056662
0 0.907812 0.603906 0.01875 0.0015625 0.056738
0 0.75625 0.502344 0.015625 0.0015625 0.0568892
0 0.20625 0.504687 0.015625 0.003125 0.0570026
0 0.611719 0.501562 0.0109375 0.003125 0.0570707
0 0.601562 0.170312 0.021875 0.00625 0.0572476
0 0.417969 0.603906 0.0140625 0.0046875 0.057726
0 0.357031 0.16875 0.0171875 0.00625 0.0577638
0 0.907031 0.651563 0.0171875 0.003125 0.05844
0 0.510156 0.310156 0.0203125 0.0046875 0.0584648
0 0.114844 0.504687 0.0140625 0.003125 0.058492
0 0.403906 0.214844 0.0203125 0.0046875 0.0587393
0 0.49375 0.110937 0.021875 0.00625 0.0589656
0 0.203125 0.455469 0.015625 0.0015625 0.0590316
0 0.460156 0.553906 0.0171875 0.0046875 0.059091
0 0.75625 0.555469 0.015625 0.0015625 0.0593764
0 0.605469 0.409375 0.0109375 0.003125 0.0597402
0 0.371094 0.814844 0.0140625 0.0078125 0.0598403
0 0.597656 0.216406 0.0203125 0.0046875 0.0600729
0 0.314063 0.427344 0.009375 0.0015625 0.0601106
0 0.560156 0.819531 0.0140625 0.0078125 0.0602732
0 0.49375 0.160156 0.021875 0.0046875 0.0603566
0 0.157813 0.404687 0.015625 0.003125 0.060523
0 0.802344 0.505469 0.0171875 0.0015625 0.0605673
0 0.513281 0.353125 0.0203125 0.003125 0.0605698
0 0.55 0.163281 0.021875 0.0046875 0.0614574
0 0.400781 0.511719 0.0140625 0.0015625 0.0616538
0 0.375 0.05625 0.01875 0.003125 0.06279
0 0.664062 0.0664062 0.015625 0.0046875 0.0630714
0 0.155469 0.455469 0.0171875 0.0015625 0.0631039
0 0.546094 0.211719 0.0234375 0.0046875 0.063388
0 0.801562 0.557031 0.01875 0.0015625 0.0634615
0 0.65 0.119531 0.01875 0.0046875 0.0639888
0 0.157813 0.504687 0.015625 0.003125 0.0640204
0 0.914844 0.451562 0.0203125 0.003125 0.0641217
0 0.453125 0.115625 0.01875 0.00625 0.0644742
0 0.853906 0.453906 0.0171875 0.0015625 0.0645876
0 0.554688 0.315625 0.01875 0.003125 0.0649527
0 0.5625 0.360938 0.01875 0.003125 0.0655468
0 0.853125 0.503906 0.01875 0.0015625 0.066338
0 0.803906 0.457812 0.0171875 0.003125 0.0670814
0 0.610156 0.451562 0.0109375 0.003125 0.067301
0 0.422656 0.0570313 0.0171875 0.0046875 0.0674089
0 0.404687 0.40625 0.015625 0.003125 0.0674461
0 0.911719 0.505469 0.0203125 0.0015625 0.0675627
0 0.4625 0.0632813 0.015625 0.0046875 0.067675
0 0.545313 0.1125 0.021875 0.00625 0.0683872
0 0.848437 0.557031 0.01875 0.0015625 0.0685625
0 0.515625 0.65625 0.01875 0.003125 0.0693573
0 0.567969 0.657031 0.0171875 0.0046875 0.0695539
0 0.50625 0.0632813 0.015625 0.0046875 0.0696773
0 0.408594 0.116406 0.0140625 0.0046875 0.0699675
0 0.90625 0.555469 0.021875 0.0015625 0.070569
0 0.342187 0.401563 0.01875 0.003125 0.0709936
0 0.5125 0.601562 0.01875 0.003125 0.0716233
0 0.403125 0.167969 0.01875 0.0046875 0.0726891
0 0.289844 0.400781 0.0203125 0.0015625 0.0730336
0 0.452344 0.50625 0.0171875 0.003125 0.0731037
0 0.403906 0.460156 0.0140625 0.0015625 0.0745272
0 0.363281 0.116406 0.0140625 0.0046875 0.0746553
0 0.510938 0.400781 0.015625 0.0046875 0.0757101
0 0.45625 0.403125 0.015625 0.003125 0.0768029
0 0.514063 0.546875 0.01875 0.003125 0.0768522
0 0.561719 0.409375 0.0140625 0.003125 0.0777615
0 0.566406 0.605469 0.0171875 0.0015625 0.0798794
0 0.565625 0.552344 0.015625 0.0015625 0.0811327
0 0.509375 0.498437 0.01875 0.003125 0.0818278
0 0.507031 0.448438 0.0171875 0.003125 0.0835963
0 0.450781 0.451562 0.0171875 0.003125 0.0838916
0 0.560156 0.501562 0.0140625 0.003125 0.0840546
0 0.563281 0.452344 0.0140625 0.0015625 0.0971942
0 0.672656 0.885938 0.126563 0.209375 0.0776693
