0 0.407031 0.703125 0.0109375 0.00625 0.0501331
0 0.457812 0.407813 0.01875 0.00625 0.0503052
0 0.359375 0.653906 0.009375 0.0046875 0.0503939
0 0.6 0.605469 0.015625 0.0046875 0.0504807
0 0.419531 0.9 0.0140625 0.00625 0.0505777
0 0.357031 0.558594 0.0140625 0.0046875 0.0507018
0 0.449219 0.505469 0.0171875 0.0078125 0.0508103
0 0.475781 0.160156 0.0140625 0.0046875 0.0508215
0 0.348437 0.439063 0.028125 0.015625 0.0508636
0 0.528125 0.103125 0.015625 0.00625 0.0509632
0 0.621094 0.857031 0.0109375 0.0078125 0.051026
0 0.375781 0.116406 0.0140625 0.0046875 0.0515951
0 0.170312 0.503125 0.015625 0.00625 0.0515957
0 0.524219 0.852344 0.0140625 0.0078125 0.051797
0 0.466406 0.803125 0.0140625 0.00625 0.0522712
0 0.561719 0.707031 0.0140625 0.0046875 0.052387
0 0.169531 0.553906 0.0140625 0.0046875 0.0525772
0 0.421094 0.169531 0.0109375 0.0046875 0.053174
0 0.401563 0.55625 0.01875 0.00625 0.0532694
0 0.467969 0.853906 0.0140625 0.0078125 0.05333
0 0.511719 0.580469 0.0046875 0.0015625 0.0536286
0 0.578125 0.900781 0.015625 0.0078125 0.0540093
0 0.405469 0.504687 0.0171875 0.00625 0.0540185
0 0.520312 0.802344 0.0125 0.0078125 0.0541436
0 0.578906 0.108594 0.0140625 0.0046875 0.0543602
0 0.6 0.553906 0.015625 0.0046875 0.0547136
0 0.526563 0.900781 0.0125 0.0046875 0.0561766
0 0.401563 0.442969 0.034375 0.0140625 0.0563234
0 0.403125 0.392969 0.03125 0.0109375 0.0566398
0 0.570312 0.751562 0.0125 0.00625 0.0570306
0 0.524219 0.158594 0.0140625 0.0046875 0.0571358
0 0.569531 0.210938 0.0140625 0.003125 0.0574467
0 0.555469 0.460156 0.0171875 0.0046875 0.0579604
0 0.467969 0.900781 0.0140625 0.0078125 0.0584102
0 0.407031 0.653906 0.0109375 0.0046875 0.0585158
0 0.575 0.853125 0.0125 0.009375 0.0587432
0 0.557813 0.407031 0.01875 0.0046875 0.0590029
0 0.349219 0.389844 0.0265625 0.0140625 0.0597352
0 0.573438 0.160938 0.0125 0.003125 0.0616146
0 0.553906 0.659375 0.0171875 0.003125 0.0666861
0 0.570312 0.804688 0.0125 0.00625 0.0668789
