0 0.217187 0.555469 0.015625 0.0015625 0.0506759
0 0.660937 0.598437 0.01875 0 0.0507987
0 0.722656 0.0523437 0.0234375 0.0015625 0.0509853
0 0.564844 0.202344 0.0234375 0.0015625 0.0510718
0 0.940625 0.528125 0.00625 0.00625 0.0510947
0 0.901563 0.364062 0.009375 0.003125 0.0512995
0 0.310156 0.596875 0.0203125 0 0.0514606
0 0.815625 0.8375 0.0125 0.003125 0.0514792
0 0.569531 0.542969 0.0203125 0.0015625 0.0514851
0 0.365625 0.542969 0.01875 0.0015625 0.0515333
0 0.414844 0.642969 0.0234375 0.0015625 0.0516158
0 0.7875 0.65 0.00625 0.003125 0.0519085
0 0.7625 0.00078125 0.0125 0.0015625 0.0519923
0 0.426562 0.0507812 0.025 0.0015625 0.0520912
0 0.3125 0.544531 0.01875 0.0015625 0.052245
0 0.578125 0.0492188 0.025 0.0015625 0.0523227
0 0.465625 0.0617188 0.009375 0.0015625 0.0524279
0 0.453125 0.0609375 0.009375 0.003125 0.0524785
0 0.317969 0.100781 0.0234375 0.0015625 0.052614
0 0.510156 0.198437 0.0265625 0 0.05313
0 0.417969 0.545313 0.0171875 0 0.0532787
0 0.766406 0.9125 0.0109375 0.003125 0.0532867
0 0.475781 0.0515625 0.0234375 0 0.0533266
0 0.522656 0.0492188 0.0234375 0.0015625 0.0543317
0 0.360938 0.596094 0.01875 0.0015625 0.0544119
0 0.513281 0.592969 0.0203125 0.0015625 0.0548369
0 0.514063 0.644531 0.021875 0.0015625 0.0548558
0 0.803125 0.6625 0.009375 0.00625 0.0552317
0 0.261719 0.55 0.0171875 0 0.0553901
0 0.928125 0.527344 0.00625 0.0046875 0.0554812
0 0.625 0.313281 0.009375 0.0046875 0.055812
0 0.416406 0.596875 0.0203125 0 0.0558236
0 0.464844 0.200781 0.0234375 0.0015625 0.0558979
0 0.569531 0.589063 0.0203125 0 0.0561557
0 0.754687 0.913281 0.009375 0.0046875 0.0567777
0 0.625 0.592969 0.01875 0.0015625 0.0568808
0 0.667188 0.107031 0.021875 0.0015625 0.0590642
0 0.627344 0.325781 0.0078125 0.0046875 0.0590802
0 0.520312 0.0992187 0.021875 0.0015625 0.059218
0 0.615625 0.338281 0.009375 0.0046875 0.0592217
0 0.566406 0.102344 0.0234375 0.0015625 0.0592645
0 0.36875 0.100781 0.021875 0.0015625 0.0599844
0 0.465625 0.597656 0.015625 0.0015625 0.0605134
0 0.615625 0.64375 0.021875 0 0.0610774
0 0.464063 0.64375 0.021875 0 0.0611828
0 0.788281 0.665625 0.0109375 0.003125 0.0618031
0 0.514063 0.149219 0.025 0.0015625 0.0628837
0 0.464844 0.0992187 0.0234375 0.0015625 0.0632029
0 0.414062 0.157031 0.021875 0.0015625 0.0634044
0 0.614062 0.152344 0.025 0.0015625 0.0636154
0 0.927344 0.516406 0.0078125 0.0046875 0.0649017
0 0.453906 0.267188 0.0078125 0.00625 0.065135
0 0.750781 0.00078125 0.0140625 0.0015625 0.0658719
0 0.415625 0.1 0.025 0 0.0685357
0 0.565625 0.152344 0.025 0.0015625 0.0698274
0 0.613281 0.105469 0.0234375 0.0015625 0.0701999
0 0.460156 0.153125 0.0234375 0 0.0712273
0 0.742188 0.913281 0.00625 0.0078125 0.0718164
0 0.571094 0.639063 0.0203125 0 0.0795479
0 0.628125 0.339844 0.00625 0.0078125 0.0832605
