0 0.528125 0.0617188 0.015625 0.0046875 0.050051
0 0.816406 0.501562 0.0140625 0.003125 0.0502028
0 0.374219 0.214844 0.0140625 0.0015625 0.0503262
0 0.709375 0.451562 0.015625 0.003125 0.0504168
0 0.657812 0.552344 0.015625 0.0015625 0.0507609
0 0.676562 0.114063 0.009375 0.003125 0.0508176
0 0.422656 0.115625 0.0171875 0.003125 0.050825
0 0.780469 0.104687 0.0140625 0.003125 0.0508465
0 0.414844 0.450781 0.0140625 0.0015625 0.0508766
0 0.813281 0.403125 0.0140625 0.003125 0.0509115
0 0.723437 0.110156 0.0125 0.0046875 0.051003
0 0.524219 0.205469 0.0203125 0.0015625 0.0512403
0 0.857031 0.40625 0.0140625 0.003125 0.0514316
0 0.861719 0.5 0.0140625 0.003125 0.0514835
0 0.564844 0.913281 0.0078125 0.0046875 0.0516538
0 0.523438 0.159375 0.01875 0.003125 0.0518146
0 0.567969 0.804688 0.0203125 0.003125 0.0518553
0 0.461719 0.55 0.0203125 0.003125 0.051921
0 0.6625 0.450781 0.015625 0.0015625 0.0527233
0 0.7625 0.451562 0.015625 0.003125 0.0527899
0 0.624219 0.160938 0.0109375 0.003125 0.052895
0 0.323438 0.115625 0.0125 0.003125 0.0529982
0 0.424219 0.165625 0.0171875 0.003125 0.0530003
0 0.417969 0.353906 0.0140625 0.0015625 0.0534743
0 0.567187 0.757031 0.01875 0.0015625 0.0536465
0 0.371094 0.16875 0.0140625 0.003125 0.0537767
0 0.361719 0.505469 0.0140625 0.0015625 0.0538209
0 0.428125 0.210156 0.01875 0.0015625 0.0539016
0 0.3625 0.407031 0.0125 0.0015625 0.0541284
0 0.370313 0.117188 0.015625 0.003125 0.0552096
0 0.7625 0.503125 0.015625 0.003125 0.0554041
0 0.582031 0.0632813 0.0140625 0.0046875 0.0556113
0 0.100781 0.730469 0.0203125 0.0015625 0.0558044
0 0.51875 0.3 0.01875 0.003125 0.0559756
0 0.114844 0.710156 0.0140625 0.0046875 0.0561678
0 0.917188 0.914062 0.00625 0.00625 0.0564596
0 0.420312 0.499219 0.015625 0.0015625 0.0575422
0 0.525781 0.111719 0.0171875 0.0046875 0.0575859
0 0.45625 0.70625 0.01875 0.003125 0.0580208
0 0.571094 0.258594 0.0140625 0.0015625 0.0580775
0 0.928125 0.926562 0.009375 0.00625 0.0587461
0 0.517969 0.495313 0.0171875 0.003125 0.0603615
0 0.611719 0.653125 0.0171875 0 0.0605853
0 0.629687 0.114063 0.009375 0.003125 0.0610249
0 0.560156 0.707031 0.0171875 0.0015625 0.0612699
0 0.6125 0.497656 0.015625 0.0015625 0.0617619
0 0.6125 0.447656 0.015625 0.0015625 0.0619092
0 0.507031 0.704687 0.0171875 0.003125 0.0621423
0 0.570312 0.305469 0.015625 0.0015625 0.0624406
0 0.928906 0.914844 0.0109375 0.0078125 0.0624581
0 0.466406 0.35 0.0140625 0.003125 0.062756
0 0.578125 0.1625 0.015625 0.003125 0.0629926
0 0.575 0.210156 0.01875 0.0015625 0.0641335
0 0.578906 0.113281 0.0140625 0.0046875 0.0645205
0 0.410937 0.403906 0.0125 0.0015625 0.0653915
0 0.510938 0.446094 0.01875 0.0015625 0.0659615
0 0.6125 0.602344 0.015625 0.0015625 0.066488
0 0.608594 0.549219 0.0140625 0.0015625 0.0671646
0 0.410937 0.608594 0.01875 0.0015625 0.0672015
0 0.4125 0.657031 0.01875 0.0015625 0.0672755
0 0.457031 0.603906 0.0203125 0.0015625 0.0688207
0 0.457812 0.653906 0.01875 0.0015625 0.0696488
0 0.563281 0.400781 0.0140625 0.0015625 0.0709022
0 0.507812 0.600781 0.021875 0.0015625 0.071836
0 0.510938 0.651563 0.01875 0.003125 0.0725043
0 0.510156 0.546875 0.0203125 0.003125 0.072617
0 0.565625 0.357812 0.0125 0 0.0726187
0 0.4125 0.555469 0.01875 0.0015625 0.0737609
0 0.561719 0.447656 0.0171875 0.0015625 0.0738017
0 0.563281 0.654688 0.0171875 0 0.0749185
0 0.561719 0.603906 0.0171875 0.0015625 0.0750549
0 0.513281 0.353906 0.0171875 0.0015625 0.0764302
0 0.457812 0.400781 0.015625 0.0015625 0.0765976
0 0.565625 0.497656 0.01875 0.0015625 0.0771393
0 0.508594 0.397656 0.0171875 0.0015625 0.0829327
0 0.560156 0.549219 0.0171875 0.0015625 0.0830018
