0 0.417188 0.815625 0.021875 0.003125 0.0500616
0 0.423438 0.302344 0.015625 0.0046875 0.0501551
0 0.471875 0.303125 0.01875 0.003125 0.0503152
0 0.0679687 0.0226563 0.0140625 0.0046875 0.0504026
0 0.364062 0.404687 0.0125 0.003125 0.050509
0 0.852344 0.610937 0.0171875 0.003125 0.0505511
0 0.58125 0.05625 0.01875 0.003125 0.0506972
0 0.623438 0.857813 0.01875 0.003125 0.0508111
0 0.679688 0.0523437 0.021875 0.0015625 0.0508287
0 0.657031 0.564844 0.0140625 0.0015625 0.0508827
0 0.467969 0.809375 0.0234375 0.003125 0.0512349
0 0.659375 0.51875 0.015625 0.003125 0.0513776
0 0.313281 0.404687 0.0140625 0.003125 0.0514289
0 0.608594 0.457812 0.0140625 0.003125 0.0516278
0 0.475781 0.105469 0.0171875 0.0046875 0.0519468
0 0.853906 0.496875 0.0328125 0.01875 0.051947
0 0.417969 0.765625 0.0171875 0.003125 0.0520081
0 0.475 0.209375 0.021875 0.003125 0.0522359
0 0.170312 0.410937 0.0125 0.003125 0.0523401
0 0.375 0.0617188 0.015625 0.0046875 0.0526275
0 0.78125 0.0554687 0.01875 0.0015625 0.0526421
0 0.510156 0.504687 0.0140625 0.003125 0.0527727
0 0.521875 0.255469 0.021875 0.0015625 0.0527822
0 0.373437 0.167969 0.015625 0.0046875 0.0528317
0 0.625781 0.107031 0.0171875 0.0015625 0.0528579
0 0.610156 0.510156 0.0140625 0.0015625 0.0529026
0 0.572656 0.864062 0.0234375 0.003125 0.0531514
0 0.264062 0.404687 0.0125 0.003125 0.0531781
0 0.523438 0.208594 0.021875 0.0015625 0.0536442
0 0.425 0.257031 0.01875 0.0046875 0.0536508
0 0.257031 0.514844 0.0140625 0.0015625 0.0539363
0 0.519531 0.8125 0.0203125 0.003125 0.0539657
0 0.571875 0.260156 0.01875 0.0015625 0.0543019
0 0.117969 0.464063 0.0109375 0.003125 0.0543648
0 0.164062 0.465625 0.0125 0.003125 0.0544598
0 0.217969 0.407813 0.0140625 0.003125 0.0544896
0 0.622656 0.811719 0.0140625 0.0046875 0.0545075
0 0.51875 0.304688 0.01875 0.003125 0.0546985
0 0.525 0.760938 0.01875 0.003125 0.0547782
0 0.955469 0.425 0.0203125 0.003125 0.0549229
0 0.527344 0.105469 0.0171875 0.0046875 0.0549822
0 0.160938 0.817969 0.01875 0.0046875 0.0549825
0 0.409375 0.457812 0.015625 0.003125 0.0550605
0 0.457812 0.609375 0.015625 0.003125 0.0553976
0 0.408594 0.611719 0.0140625 0.0015625 0.0556009
0 0.900781 0.514844 0.0203125 0.0046875 0.0558022
0 0.607813 0.560156 0.015625 0.0015625 0.0558093
0 0.457031 0.508594 0.0140625 0.0046875 0.0559646
0 0.65625 0.464063 0.015625 0.003125 0.0560292
0 0.45625 0.457031 0.015625 0.0046875 0.0561473
0 0.569531 0.711719 0.0140625 0.0015625 0.0563156
0 0.946875 0.571094 0.015625 0.0015625 0.0564195
0 0.56875 0.358594 0.015625 0.0015625 0.0566562
0 0.852344 0.517187 0.0203125 0.003125 0.0569159
0 0.515625 0.657031 0.015625 0.0015625 0.0569779
0 0.425 0.210938 0.01875 0.003125 0.0569961
0 0.578125 0.108594 0.015625 0.0046875 0.0570071
0 0.257031 0.464063 0.0140625 0.003125 0.0570247
0 0.472656 0.160938 0.0203125 0.003125 0.0575494
0 0.961719 0.623438 0.0140625 0.003125 0.0583767
0 0.209375 0.466406 0.0125 0.0046875 0.058396
0 0.509375 0.453906 0.015625 0.0046875 0.0586064
0 0.851562 0.471094 0.01875 0.0046875 0.0592619
0 0.510156 0.607031 0.0171875 0.0015625 0.0593088
0 0.561719 0.45625 0.0140625 0.003125 0.0593875
0 0.421094 0.353125 0.0140625 0.003125 0.0594555
0 0.573438 0.159375 0.01875 0.003125 0.0597502
0 0.460156 0.557813 0.0140625 0.003125 0.0601064
0 0.571094 0.209375 0.0203125 0.003125 0.0603633
0 0.567969 0.661719 0.0140625 0.0015625 0.0603744
0 0.373437 0.117188 0.0125 0.003125 0.0608292
0 0.564062 0.610156 0.0125 0.0015625 0.0610466
0 0.40625 0.560938 0.015625 0.003125 0.0611164
0 0.40625 0.510938 0.015625 0.003125 0.0615956
0 0.413281 0.404687 0.0140625 0.003125 0.0616187
0 0.565625 0.404687 0.015625 0.003125 0.0620979
0 0.421875 0.114063 0.015625 0.003125 0.062244
0 0.464063 0.354688 0.015625 0.003125 0.0622812
0 0.5625 0.50625 0.0125 0.003125 0.0628005
0 0.514844 0.355469 0.0171875 0.0015625 0.0629245
0 0.521094 0.157813 0.0203125 0.003125 0.0629461
0 0.421094 0.165625 0.0171875 0.003125 0.0630011
0 0.510156 0.554688 0.0140625 0.003125 0.0633111
0 0.902344 0.417188 0.0203125 0.003125 0.0635386
0 0.898438 0.465625 0.01875 0.003125 0.0636521
0 0.576563 0.7625 0.015625 0.003125 0.0641047
0 0.570312 0.814844 0.015625 0.0046875 0.0663642
0 0.459375 0.402344 0.015625 0.0046875 0.066416
0 0.510938 0.401563 0.01875 0.003125 0.0668884
0 0.95 0.469531 0.021875 0.0046875 0.0695462
0 0.951563 0.517187 0.01875 0.003125 0.0701571
0 0.559375 0.558594 0.0125 0.0015625 0.0773638
