0 0.571094 0.860937 0.0140625 0.00625 0.0501493
0 0.915625 0.507031 0.0125 0.0046875 0.0504534
0 0.607031 0.221094 0.0171875 0.0046875 0.0506231
0 0.114844 0.45625 0.0109375 0.003125 0.0507402
0 0.559375 0.659375 0.015625 0.003125 0.0508023
0 0.570312 0.311719 0.0125 0.0015625 0.0509575
0 0.55625 0.213281 0.01875 0.0046875 0.0509973
0 0.419531 0.310937 0.0140625 0.003125 0.0510858
0 0.771875 0.860937 0.015625 0.00625 0.0510951
0 0.355469 0.503906 0.0140625 0.0015625 0.0519303
0 0.557031 0.607813 0.0140625 0.003125 0.0520131
0 0.561719 0.053125 0.0171875 0.00625 0.0520183
0 0.559375 0.713281 0.015625 0.0046875 0.0521737
0 0.61875 0.864062 0.0125 0.00625 0.0522462
0 0.0570313 0.0304688 0.0265625 0.0171875 0.0523279
0 0.6125 0.0515625 0.015625 0.00625 0.0524228
0 0.616406 0.403125 0.0109375 0.003125 0.0526147
0 0.860937 0.453906 0.0125 0.0046875 0.0529987
0 0.623438 0.909375 0.015625 0.00625 0.0530702
0 0.471875 0.857813 0.01875 0.00625 0.0531043
0 0.567187 0.765625 0.015625 0.00625 0.0531116
0 0.671875 0.810938 0.0125 0.00625 0.0532103
0 0.460938 0.655469 0.015625 0.0015625 0.0532312
0 0.455469 0.164062 0.0171875 0.003125 0.0535779
0 0.319531 0.065625 0.0109375 0.003125 0.053716
0 0.864062 0.55625 0.0125 0.003125 0.0537632
0 0.553125 0.159375 0.01875 0.003125 0.0538259
0 0.607031 0.559375 0.0140625 0.003125 0.0542643
0 0.455469 0.110937 0.0171875 0.00625 0.0544975
0 0.619531 0.813281 0.0140625 0.0078125 0.0545792
0 0.549219 0.107031 0.0171875 0.0046875 0.0547981
0 0.860156 0.507812 0.0109375 0.003125 0.0550534
0 0.658594 0.115625 0.0109375 0.00625 0.0551631
0 0.864062 0.604688 0.015625 0.003125 0.0551884
0 0.614844 0.453125 0.0140625 0.003125 0.0553778
0 0.474219 0.0609375 0.0140625 0.00625 0.0555725
0 0.163281 0.408594 0.0171875 0.0015625 0.0555793
0 0.159375 0.455469 0.0125 0.0015625 0.0559478
0 0.665625 0.865625 0.0125 0.00625 0.0560882
0 0.509375 0.603125 0.015625 0.003125 0.0561923
0 0.4625 0.357031 0.015625 0.0046875 0.0562934
0 0.414844 0.361719 0.0140625 0.0015625 0.0563613
0 0.667188 0.9125 0.015625 0.00625 0.056369
0 0.510156 0.657812 0.0140625 0.003125 0.0567295
0 0.403125 0.557813 0.015625 0.003125 0.0569438
0 0.671094 0.059375 0.0140625 0.00625 0.0575639
0 0.601562 0.107031 0.015625 0.0046875 0.0578214
0 0.366406 0.0671875 0.0109375 0.003125 0.0578389
0 0.610156 0.505469 0.0140625 0.0046875 0.0579352
0 0.448438 0.514844 0.01875 0.0046875 0.0588121
0 0.602344 0.167969 0.0171875 0.0046875 0.0591097
0 0.507031 0.560156 0.0171875 0.0046875 0.0592716
0 0.421094 0.0625 0.0140625 0.003125 0.0609669
0 0.404687 0.409375 0.015625 0.003125 0.0612439
0 0.454688 0.409375 0.015625 0.003125 0.0615172
0 0.360156 0.117188 0.0109375 0.003125 0.0620864
0 0.402344 0.172656 0.0140625 0.0015625 0.0621457
0 0.567969 0.814062 0.0171875 0.00625 0.0621822
0 0.567187 0.359375 0.015625 0.003125 0.0625856
0 0.557031 0.5625 0.0171875 0.003125 0.0626267
0 0.515625 0.357031 0.015625 0.0046875 0.0658083
0 0.45 0.460938 0.015625 0.003125 0.0667323
0 0.563281 0.407813 0.0140625 0.003125 0.0684668
0 0.50625 0.453906 0.015625 0.0046875 0.0702659
0 0.403906 0.45625 0.0171875 0.003125 0.0702937
0 0.564062 0.453906 0.015625 0.0046875 0.0703775
0 0.503125 0.508594 0.015625 0.0046875 0.0706255
0 0.508594 0.405469 0.0140625 0.0046875 0.0719777
0 0.402344 0.509375 0.0171875 0.003125 0.0720572
0 0.401563 0.116406 0.015625 0.0046875 0.0727724
0 0.55625 0.507031 0.015625 0.0046875 0.0801091
