0 0.557031 0.696875 0.0265625 0.0125 0.0501547
0 0.252344 0.978906 0.0140625 0.0046875 0.0502452
0 0.25 0.924219 0.0125 0.0078125 0.0503109
0 0.213281 0.973437 0.0109375 0.00625 0.0503359
0 0.871875 0.153125 0.01875 0.003125 0.0503723
0 0.257812 0.708594 0.0125 0.0046875 0.0504783
0 0.617188 0.352344 0.009375 0.0015625 0.0507694
0 0.423438 0.108594 0.015625 0.0046875 0.0508251
0 0.576563 0.860156 0.015625 0.0078125 0.0508731
0 0.261719 0.874219 0.0140625 0.0046875 0.0508789
0 0.705469 0.400781 0.0171875 0.0015625 0.0509099
0 0.123438 0.714063 0.01875 0.003125 0.0510702
0 0.760156 0.398438 0.0171875 0.003125 0.0511189
0 0.311719 0.978125 0.0140625 0.00625 0.0511248
0 0.357812 0.500781 0.0125 0.0015625 0.0512099
0 0.466406 0.110156 0.0140625 0.0046875 0.0513761
0 0.672656 0.102344 0.0140625 0.0046875 0.0514289
0 0.829687 0.053125 0.015625 0.003125 0.0517465
0 0.323438 0.875781 0.015625 0.0078125 0.0517541
0 0.919531 0.251563 0.0171875 0.003125 0.0518056
0 0.41875 0.164844 0.015625 0.0046875 0.051833
0 0.2125 0.117969 0.0125 0.0046875 0.0518458
0 0.610937 0.402344 0.009375 0.0015625 0.0518588
0 0.51875 0.860156 0.015625 0.0046875 0.052079
0 0.778125 0.05625 0.01875 0.003125 0.052318
0 0.403906 0.752344 0.0390625 0.0140625 0.0523453
0 0.210938 0.7125 0.015625 0.00625 0.0524151
0 0.407813 0.6125 0.0125 0.003125 0.052429
0 0.469531 0.0101562 0.0140625 0.0015625 0.052599
0 0.115625 0.364844 0.01875 0.0015625 0.0526315
0 0.460156 0.660937 0.0140625 0.003125 0.0527672
0 0.522656 0.764063 0.0140625 0.00625 0.052922
0 0.2125 0.658594 0.015625 0.0046875 0.0530513
0 0.4125 0.660937 0.0125 0.003125 0.0531671
0 0.209375 0.766406 0.015625 0.0046875 0.0534435
0 0.503906 0.745313 0.0296875 0.0125 0.0537275
0 0.203906 0.81875 0.0171875 0.003125 0.0539901
0 0.250781 0.764844 0.0140625 0.0046875 0.054914
0 0.563281 0.610937 0.0109375 0.003125 0.0549929
0 0.944531 0.634375 0.0109375 0.003125 0.055014
0 0.260938 0.654688 0.0125 0.003125 0.0550447
0 0.110937 0.5625 0.021875 0.003125 0.0551334
0 0.875 0.101562 0.015625 0.003125 0.0553977
0 0.921875 0.149219 0.015625 0.0046875 0.055407
0 0.507812 0.660937 0.015625 0.003125 0.055425
0 0.166406 0.925781 0.0109375 0.0078125 0.0555054
0 0.505469 0.610156 0.0140625 0.0015625 0.0555765
0 0.401563 0.457812 0.0125 0.003125 0.0555768
0 0.4625 0.305469 0.015625 0.0046875 0.0557097
0 0.260938 0.804688 0.025 0.0125 0.0559949
0 0.402344 0.5625 0.0140625 0.003125 0.0559978
0 0.553125 0.747656 0.028125 0.0140625 0.0560836
0 0.164062 0.877344 0.0125 0.0078125 0.0562164
0 0.414062 0.307813 0.015625 0.003125 0.0562505
0 0.878906 0.0515625 0.0140625 0.003125 0.0562882
0 0.459375 0.399219 0.0125 0.0046875 0.0565486
0 0.160156 0.115625 0.0171875 0.003125 0.0565931
0 0.210156 0.871094 0.0171875 0.0046875 0.0569128
0 0.363281 0.91875 0.0109375 0.009375 0.0570373
0 0.373437 0.969531 0.0125 0.0078125 0.0572827
0 0.932031 0.0976562 0.0109375 0.0046875 0.0572973
0 0.815625 0.150781 0.021875 0.0015625 0.0573555
0 0.0632813 0.516406 0.0203125 0.0015625 0.0573645
0 0.16875 0.971875 0.009375 0.00625 0.0573884
0 0.303906 0.983594 0.0296875 0.0234375 0.0577969
0 0.571875 0.814844 0.015625 0.0078125 0.0580184
0 0.821875 0.102344 0.01875 0.0015625 0.0586265
0 0.257812 0.817969 0.015625 0.0046875 0.0586408
0 0.169531 0.772656 0.0171875 0.0046875 0.0587909
0 0.30625 0.798437 0.03125 0.0125 0.0589182
0 0.128906 0.817969 0.0171875 0.0046875 0.0590145
0 0.452344 0.610156 0.0140625 0.0015625 0.0591964
0 0.561719 0.665625 0.0109375 0.003125 0.0593815
0 0.567969 0.305469 0.0140625 0.0015625 0.0595587
0 0.408594 0.914062 0.0140625 0.00625 0.059989
0 0.210156 0.0703125 0.0171875 0.00625 0.0606892
0 0.307031 0.920313 0.0109375 0.009375 0.0607993
0 0.467969 0.865625 0.0140625 0.00625 0.0608729
0 0.452344 0.452344 0.0140625 0.0046875 0.0610217
0 0.373437 0.872656 0.015625 0.0078125 0.0612044
0 0.166406 0.713281 0.0171875 0.0046875 0.0612109
0 0.934375 0.0492188 0.0125 0.0046875 0.061227
0 0.557031 0.560938 0.0109375 0.003125 0.0615267
0 0.566406 0.353906 0.0109375 0.0015625 0.0617013
0 0.450781 0.509375 0.0140625 0.003125 0.0627498
0 0.5125 0.354688 0.0125 0.003125 0.0628738
0 0.371094 0.817969 0.0171875 0.0046875 0.0631743
0 0.403125 0.507031 0.0125 0.0046875 0.0632732
0 0.113281 0.510938 0.0234375 0.003125 0.0639711
0 0.449219 0.5625 0.0140625 0.003125 0.0640634
0 0.155469 0.0703125 0.0171875 0.00625 0.0642367
0 0.5125 0.30625 0.015625 0.003125 0.0642538
0 0.51875 0.814062 0.015625 0.00625 0.0657406
0 0.469531 0.813281 0.0171875 0.0078125 0.0659237
0 0.167969 0.657031 0.0203125 0.0046875 0.0662032
0 0.421094 0.809375 0.0171875 0.00625 0.0677286
0 0.164062 0.823438 0.015625 0.00625 0.0682584
0 0.311719 0.820312 0.0171875 0.00625 0.0684938
0 0.558594 0.502344 0.0109375 0.0015625 0.0716748
0 0.560156 0.451562 0.0109375 0.003125 0.0723161
0 0.421094 0.864844 0.0171875 0.0078125 0.0726646
0 0.500781 0.557813 0.0140625 0.003125 0.0733552
0 0.510156 0.396875 0.0140625 0.003125 0.0749128
0 0.50625 0.450781 0.0125 0.0046875 0.0759033
0 0.559375 0.400781 0.0125 0.0015625 0.0761648
0 0.502344 0.504687 0.0140625 0.003125 0.0770822
