0 0.753125 0.457812 0.021875 0.003125 0.0500308
0 0.749219 0.558594 0.0203125 0.0015625 0.0500573
0 0.816406 0.107031 0.0171875 0.0015625 0.050333
0 0.503125 0.225 0.015625 0.003125 0.0503359
0 0.207813 0.413281 0.01875 0.0015625 0.050398
0 0.525781 0.0625 0.0171875 0.003125 0.0506088
0 0.414844 0.703906 0.0140625 0.0046875 0.0507653
0 0.867969 0.107031 0.0171875 0.0015625 0.0508142
0 0.600781 0.559375 0.0203125 0.003125 0.0508429
0 0.121875 0.461719 0.0125 0.0046875 0.0508881
0 0.254687 0.40625 0.021875 0.003125 0.0509847
0 0.614844 0.111719 0.0203125 0.0015625 0.0510823
0 0.622656 0.059375 0.0203125 0.003125 0.0511741
0 0.569531 0.810156 0.0171875 0.0046875 0.0512911
0 0.501562 0.229687 0.0375 0.0125 0.0514012
0 0.464063 0.654688 0.015625 0.003125 0.0515697
0 0.572656 0.0632813 0.0171875 0.0015625 0.0517766
0 0.675 0.857813 0.01875 0.003125 0.0517846
0 0.125 0.507812 0.0125 0.003125 0.0518008
0 0.772656 0.059375 0.0203125 0 0.0518011
0 0.853125 0.413281 0.01875 0.0015625 0.0522365
0 0.603125 0.463281 0.01875 0.0015625 0.0522529
0 0.517969 0.117188 0.0140625 0.00625 0.0527388
0 0.929688 0.0539063 0.015625 0.0015625 0.0527957
0 0.364844 0.607031 0.0140625 0.0015625 0.0528169
0 0.923437 0.103906 0.015625 0.0015625 0.0530343
0 0.450781 0.273438 0.0171875 0.003125 0.0531629
0 0.246094 0.995313 0.0078125 0.003125 0.053196
0 0.55625 0.21875 0.01875 0.003125 0.0532211
0 0.350781 0.463281 0.0234375 0.0046875 0.0533084
0 0.800781 0.411719 0.0203125 0.0015625 0.0535163
0 0.313281 0.563281 0.0171875 0.0015625 0.0535599
0 0.403125 0.363281 0.021875 0.0015625 0.0536209
0 0.623438 0.85625 0.01875 0.003125 0.0537108
0 0.675 0.0601562 0.01875 0.0015625 0.0538782
0 0.403906 0.317187 0.0203125 0.003125 0.0541451
0 0.354688 0.360938 0.01875 0.003125 0.0546711
0 0.510156 0.169531 0.0140625 0.0046875 0.054874
0 0.616406 0.809375 0.0171875 0.003125 0.0551412
0 0.620313 0.009375 0.01875 0.003125 0.0552092
0 0.601562 0.421875 0.01875 0.003125 0.0553357
0 0.713281 0.682031 0.0046875 0.0015625 0.0553765
0 0.510938 0.65625 0.015625 0.003125 0.0554603
0 0.553906 0.465625 0.0203125 0.003125 0.0555719
0 0.554688 0.316406 0.01875 0.0015625 0.0556554
0 0.457812 0.167969 0.015625 0.0046875 0.0557902
0 0.560938 0.657812 0.015625 0.003125 0.0561472
0 0.414844 0.65625 0.0140625 0.003125 0.0562218
0 0.803906 0.35625 0.0203125 0.003125 0.0563665
0 0.604688 0.170312 0.01875 0.003125 0.0568096
0 0.826563 0.0554687 0.01875 0.0015625 0.0570615
0 0.361719 0.5625 0.0171875 0.003125 0.0574487
0 0.607813 0.366406 0.01875 0.0015625 0.0576145
0 0.122656 0.413281 0.0140625 0.0046875 0.0576313
0 0.503906 0.464844 0.0203125 0.0046875 0.0580247
0 0.402344 0.415625 0.0203125 0.003125 0.0581633
0 0.454688 0.411719 0.021875 0.0046875 0.0583241
0 0.557813 0.611719 0.015625 0.0015625 0.0583407
0 0.405469 0.464844 0.0234375 0.0046875 0.0585434
0 0.350781 0.410937 0.0203125 0.003125 0.0585686
0 0.461719 0.609375 0.0140625 0.003125 0.0589063
0 0.177344 0.0625 0.0140625 0.00625 0.0589186
0 0.908594 0.408594 0.0203125 0.0015625 0.0593886
0 0.875781 0.0554687 0.0171875 0.0015625 0.0596083
0 0.565625 0.120312 0.015625 0.003125 0.0596704
0 0.459375 0.511719 0.01875 0.0046875 0.0598401
0 0.558594 0.170312 0.0171875 0.003125 0.0599052
0 0.136719 0.0539063 0.0109375 0.0046875 0.0602196
0 0.551562 0.420312 0.021875 0.003125 0.0603556
0 0.500781 0.417188 0.0203125 0.00625 0.0619898
0 0.555469 0.36875 0.0203125 0.003125 0.0620516
0 0.850781 0.360938 0.0203125 0.003125 0.0623922
0 0.4125 0.610937 0.015625 0.003125 0.0629073
0 0.457812 0.460938 0.021875 0.00625 0.0631314
0 0.410156 0.564062 0.0171875 0.003125 0.0631504
0 0.510938 0.610937 0.015625 0.003125 0.0635158
0 0.460156 0.560938 0.0171875 0.003125 0.0637573
0 0.508594 0.511719 0.0203125 0.0046875 0.0661679
0 0.557813 0.507812 0.021875 0.003125 0.0663658
0 0.201562 0.985156 0.0125 0.0046875 0.0664873
0 0.507812 0.5625 0.01875 0.003125 0.0677244
0 0.169531 0.992188 0.0109375 0.00625 0.0683093
0 0.553906 0.5625 0.0203125 0.003125 0.0722761
