0 0.192188 0.911719 0.003125 0.0046875 0.1054
0 0.204688 0.911719 0.003125 0.0046875 0.114694
0 0.217187 0.910937 0.003125 0.003125 0.128862
0 0.220313 0.892969 0.025 0.0015625 0.0500789
0 0.632812 0.284375 0.009375 0.009375 0.0501484
0 0.166406 0.708594 0.0203125 0.0015625 0.0501678
0 0.167187 0.607031 0.015625 0.0015625 0.0503187
0 0.364062 0.755469 0.01875 0.0015625 0.0507501
0 0.228906 0.884375 0.0046875 0.003125 0.0508022
0 0.463281 0.561719 0.0109375 0.0015625 0.0510592
0 0.269531 0.849219 0.0203125 0.0015625 0.0510756
0 0.425 0.707031 0.01875 0.0109375 0.0510778
0 0.511719 0.803125 0.0203125 0.003125 0.0511075
0 0.423438 0.760938 0.025 0.0125 0.0511316
0 0.460938 0.801562 0.021875 0.003125 0.0511327
0 0.611719 0.702344 0.0171875 0.0015625 0.0514269
0 0.0773437 0.885156 0.0078125 0.0015625 0.0519321
0 0.414844 0.557813 0.0140625 0 0.0521894
0 0.217969 0.608594 0.0140625 0.0015625 0.0525501
0 0.610937 0.655469 0.0125 0.0015625 0.0527069
0 0.257031 0.658594 0.0140625 0.0015625 0.0527632
0 0.164062 0.655469 0.01875 0.0015625 0.0530757
0 0.229687 0.896875 0.00625 0.003125 0.0535709
0 0.177344 0.889063 0.0078125 0.00625 0.0538199
0 0.0914062 0.915625 0.0046875 0.00625 0.0542248
0 0.414062 0.608594 0.015625 0.0015625 0.0542676
0 0.45625 0.703125 0.01875 0.003125 0.0542813
0 0.5625 0.376563 0.021875 0.003125 0.0557185
0 0.410156 0.70625 0.0171875 0.003125 0.0560369
0 0.0546875 0.915625 0.003125 0.003125 0.0571207
0 0.597656 0.325 0.0109375 0.0125 0.0574889
0 0.459375 0.611719 0.0125 0.0015625 0.057505
0 0.547656 0.330469 0.0078125 0.0109375 0.0576943
0 0.654688 0.276563 0.015625 0.003125 0.0578285
0 0.508594 0.703125 0.0203125 0.003125 0.0580751
0 0.5125 0.561719 0.009375 0.0015625 0.0580914
0 0.0648438 0.885938 0.0078125 0.003125 0.0583402
0 0.559375 0.35625 0.009375 0.015625 0.0587273
0 0.2125 0.657812 0.015625 0.003125 0.0588204
0 0.508594 0.657031 0.0171875 0.0015625 0.0593145
0 0.410937 0.655469 0.01875 0.0015625 0.0594709
0 0.803906 0.296094 0.0296875 0.0171875 0.0599927
0 0.275781 0.892969 0.0203125 0.0015625 0.0600524
0 0.458594 0.655469 0.0171875 0.0015625 0.0601393
0 0.228906 0.921875 0.0015625 0.003125 0.0602411
0 0.664844 0.240625 0.0140625 0.0125 0.0605452
0 0.241406 0.916406 0.0015625 0.0046875 0.0607264
0 0.564062 0.753906 0.021875 0.0015625 0.0613219
0 0.554688 0.617969 0.009375 0.0015625 0.0613746
0 0.411719 0.751562 0.0203125 0.003125 0.0633398
0 0.560156 0.660156 0.0171875 0.0015625 0.064537
0 0.561719 0.703906 0.0203125 0.0015625 0.0648023
0 0.178906 0.913281 0.0046875 0.0046875 0.065813
0 0.217187 0.898438 0.00625 0.003125 0.0658572
0 0.460156 0.752344 0.0203125 0.0015625 0.0659624
0 0.504687 0.613281 0.009375 0.0015625 0.0661531
0 0.657031 0.299219 0.0109375 0.0171875 0.0665058
0 0.204688 0.897656 0.00625 0.0046875 0.0668449
0 0.511719 0.751562 0.0203125 0.003125 0.0673257
0 0.559375 0.410156 0.0125 0.0203125 0.0689624
0 0.0789063 0.922656 0.0046875 0.0046875 0.0692012
0 0.554688 0.563281 0.0125 0.0015625 0.0693496
0 0.796875 0.245312 0.040625 0.0125 0.0705143
0 0.0671875 0.925 0.003125 0.003125 0.0715804
0 0.191406 0.923437 0.0015625 0.00625 0.0723423
0 0.216406 0.922656 0.0015625 0.0046875 0.0742731
0 0.191406 0.898438 0.0046875 0.003125 0.0744474
0 0.0796875 0.9125 0.003125 0.009375 0.0772042
0 0.216406 0.886719 0.0046875 0.0046875 0.0781719
0 0.203906 0.922656 0.0015625 0.0046875 0.079991
0 0.203906 0.8875 0.0078125 0.00625 0.0804017
0 0.0664062 0.914844 0.0015625 0.0046875 0.0826729
0 0.190625 0.886719 0.00625 0.0078125 0.0846867
0 0.229687 0.910937 0.003125 0.003125 0.0891503
0 0.192188 0.911719 0.003125 0.0046875 0.1054
0 0.204688 0.911719 0.003125 0.0046875 0.114694
0 0.217187 0.910937 0.003125 0.003125 0.128862
