0 0.0640625 0.739062 0.003125 0.00625 0.0501046
0 0.416406 0.749219 0.0171875 0.0015625 0.0506551
0 0.417188 0.495313 0.0125 0.003125 0.0510951
0 0.8875 0.645312 0 0.00625 0.0512963
0 0.178906 0.551562 0.0234375 0.003125 0.0518371
0 0.508594 0.501562 0.0109375 0.003125 0.0522933
0 0.90625 0.167187 0.015625 0.003125 0.0525857
0 0.364062 0.54375 0.015625 0.003125 0.0527381
0 0.361719 0.592969 0.0140625 0.0015625 0.0528186
0 0.408594 0.758594 0.0328125 0.0109375 0.0528695
0 0.464063 0.895312 0.003125 0.009375 0.0538159
0 0.610156 0.597656 0.0078125 0.0015625 0.0540037
0 0.508594 0.701563 0.0171875 0.003125 0.0542349
0 0.121875 0.752344 0.021875 0.0015625 0.0548517
0 0.125 0.803906 0.021875 0.0015625 0.0550869
0 0.459375 0.648438 0.015625 0.003125 0.0552334
0 0.6125 0.49375 0.009375 0.003125 0.0553586
0 0.564062 0.700781 0.0125 0.0015625 0.055614
0 0.926562 0.648438 0.003125 0.009375 0.0564409
0 0.455469 0.546875 0.0140625 0.003125 0.05668
0 0.516406 0.751562 0.0203125 0.003125 0.0570485
0 0.507812 0.651563 0.015625 0.003125 0.0576832
0 0.453906 0.927344 0.0015625 0.0078125 0.0579917
0 0.899219 0.645312 0.0015625 0.009375 0.0580467
0 0.466406 0.921875 0.0015625 0.00625 0.0587236
0 0.460156 0.599219 0.0140625 0.0015625 0.0588396
0 0.564844 0.500781 0.0109375 0.0015625 0.0597681
0 0.452344 0.903125 0.0046875 0.00625 0.0599061
0 0.914062 0.645312 0 0.009375 0.0599403
0 0.409375 0.697656 0.015625 0.0046875 0.0602571
0 0.609375 0.544531 0.009375 0.0015625 0.0616389
0 0.413281 0.544531 0.0140625 0.0015625 0.0629413
0 0.405469 0.648438 0.0140625 0.003125 0.0652081
0 0.561719 0.653125 0.0109375 0.003125 0.0657027
0 0.409375 0.595312 0.0125 0.003125 0.065855
0 0.503906 0.604688 0.0140625 0.003125 0.0668965
0 0.558594 0.605469 0.0109375 0.0015625 0.0679513
0 0.452344 0.894531 0.0046875 0.0078125 0.068579
0 0.453906 0.917188 0.0015625 0.00625 0.0715841
0 0.503125 0.551562 0.0125 0.003125 0.0728246
0 0.55625 0.551562 0.0125 0.003125 0.0791332
