0 0.451562 0.607813 0.01875 0.003125 0.0500777
0 0.51875 0.904688 0.015625 0.00625 0.0501959
0 0.70625 0.604688 0.015625 0.003125 0.050213
0 0.617188 0.917188 0.01875 0.003125 0.0502385
0 0.607031 0.667188 0.0140625 0.003125 0.0503982
0 0.570312 0.7625 0.0125 0.003125 0.0504501
0 0.807813 0.454688 0.021875 0.003125 0.0507534
0 0.910937 0.657812 0.015625 0.003125 0.0509757
0 0.661719 0.453906 0.0203125 0.0015625 0.0510416
0 0.475781 0.160938 0.0171875 0.003125 0.0512386
0 0.864062 0.557813 0.01875 0.003125 0.0512737
0 0.760156 0.502344 0.0203125 0.0015625 0.051338
0 0.860156 0.763281 0.0171875 0.0046875 0.0513662
0 0.700781 0.821094 0.0140625 0.0046875 0.0514152
0 0.617969 0.257812 0.0140625 0.003125 0.0518494
0 0.520312 0.859375 0.015625 0.00625 0.0519604
0 0.421875 0.21875 0.015625 0.003125 0.0521
0 0.863281 0.457031 0.0171875 0.0046875 0.0522025
0 0.914062 0.610937 0.01875 0.003125 0.0522055
0 0.916406 0.3 0.0140625 0.003125 0.0522903
0 0.80625 0.60625 0.01875 0.003125 0.0525142
0 0.814062 0.911719 0.015625 0.0046875 0.0525941
0 0.86875 0.907031 0.015625 0.0046875 0.0526984
0 0.461719 0.502344 0.0140625 0.0015625 0.0527139
0 0.659375 0.607813 0.01875 0.003125 0.0527377
0 0.375 0.171875 0.0125 0.003125 0.0527683
0 0.810938 0.401563 0.01875 0.003125 0.0528112
0 0.70625 0.553906 0.01875 0.0015625 0.0528207
0 0.252344 0.445312 0.0390625 0.01875 0.052873
0 0.46875 0.860156 0.01875 0.0046875 0.0528987
0 0.521094 0.263281 0.0171875 0.0015625 0.0530505
0 0.864062 0.813281 0.01875 0.0046875 0.0533854
0 0.484375 0.0539063 0.01875 0.0046875 0.0535441
0 0.91875 0.808594 0.015625 0.0046875 0.0535588
0 0.632031 0.0539063 0.0140625 0.0046875 0.0535831
0 0.419531 0.864062 0.0171875 0.00625 0.0537082
0 0.370313 0.867188 0.015625 0.00625 0.0537173
0 0.60625 0.614062 0.015625 0.003125 0.0538988
0 0.478906 0.107031 0.0171875 0.0046875 0.0541682
0 0.611719 0.310937 0.0171875 0.003125 0.0542017
0 0.417188 0.907031 0.015625 0.0046875 0.0542563
0 0.610937 0.409375 0.015625 0 0.0545517
0 0.701563 0.79375 0.034375 0.0125 0.0547369
0 0.410156 0.510938 0.0140625 0.003125 0.0548596
0 0.611719 0.455469 0.0203125 0.0015625 0.0549033
0 0.523438 0.215625 0.015625 0.003125 0.0555187
0 0.614062 0.360156 0.015625 0.0015625 0.0555996
0 0.453906 0.55625 0.0171875 0.003125 0.0558196
0 0.703906 0.500781 0.0203125 0.0015625 0.0559567
0 0.36875 0.813281 0.015625 0.0046875 0.0561478
0 0.863281 0.507031 0.0203125 0.0046875 0.056227
0 0.51875 0.3125 0.015625 0.003125 0.0565134
0 0.369531 0.911719 0.0140625 0.0046875 0.0567366
0 0.520312 0.811719 0.015625 0.0046875 0.0568049
0 0.916406 0.403125 0.0109375 0.003125 0.0569439
0 0.559375 0.670313 0.01875 0.003125 0.0569525
0 0.917969 0.457031 0.0109375 0.0046875 0.0574035
0 0.514063 0.3625 0.015625 0.003125 0.0579088
0 0.467969 0.810938 0.0171875 0.00625 0.0579362
0 0.915625 0.560938 0.01875 0.003125 0.0584745
0 0.504687 0.609375 0.01875 0.003125 0.0587386
0 0.375 0.121094 0.0125 0.0046875 0.0589369
0 0.810938 0.555469 0.01875 0.0015625 0.0589519
0 0.428125 0.115625 0.0125 0.003125 0.0596521
0 0.917969 0.508594 0.0171875 0.0046875 0.0597628
0 0.433594 0.0625 0.0140625 0.003125 0.0597818
0 0.621875 0.160938 0.0125 0.003125 0.0600149
0 0.571094 0.814844 0.0140625 0.0046875 0.0601642
0 0.657031 0.553906 0.0203125 0.0015625 0.0602043
0 0.378125 0.0679687 0.0125 0.0046875 0.0605381
0 0.354688 0.565625 0.015625 0.003125 0.0608703
0 0.425 0.167969 0.015625 0.0046875 0.0610085
0 0.405469 0.561719 0.0171875 0.0015625 0.0610499
0 0.8125 0.503125 0.021875 0.003125 0.0611128
0 0.619531 0.109375 0.0140625 0.00625 0.0611288
0 0.658594 0.500781 0.0203125 0.0015625 0.0612054
0 0.565625 0.451562 0.021875 0.003125 0.061503
0 0.571875 0.909375 0.01875 0.003125 0.0615565
0 0.609375 0.502344 0.021875 0.0015625 0.0616653
0 0.533594 0.0570313 0.0171875 0.0046875 0.0616706
0 0.510938 0.455469 0.01875 0.0015625 0.0622167
0 0.524219 0.164062 0.0140625 0.003125 0.0622537
0 0.575781 0.217187 0.0140625 0.003125 0.0626257
0 0.419531 0.813281 0.0171875 0.0046875 0.0629154
0 0.571094 0.263281 0.0171875 0.0015625 0.0631606
0 0.560938 0.363281 0.01875 0.0015625 0.0632639
0 0.574219 0.8625 0.0171875 0.00625 0.0636862
0 0.861719 0.404687 0.0140625 0.003125 0.063782
0 0.564844 0.407031 0.0203125 0.0015625 0.0639004
0 0.510156 0.408594 0.0171875 0.0015625 0.0640702
0 0.605469 0.560156 0.0203125 0.0015625 0.0644896
0 0.575 0.113281 0.0125 0.0046875 0.0646308
0 0.528125 0.110156 0.015625 0.0046875 0.065241
0 0.557813 0.617188 0.01875 0.003125 0.0653536
0 0.407813 0.608594 0.015625 0.0015625 0.0656612
0 0.5125 0.5 0.01875 0.003125 0.0657916
0 0.354688 0.605469 0.015625 0.0015625 0.0663893
0 0.564844 0.314063 0.0171875 0.003125 0.0667497
0 0.582031 0.0585938 0.0140625 0.0046875 0.0667843
0 0.255469 0.475 0.0109375 0 0.0677556
0 0.567969 0.496875 0.0234375 0.003125 0.0679154
0 0.575 0.165625 0.0125 0.003125 0.0698801
0 0.505469 0.554688 0.0203125 0.003125 0.0754013
0 0.560156 0.557031 0.0203125 0.0015625 0.0779118
