0 0.601562 0.670313 0.01875 0.003125 0.0501569
0 0.573438 0.221094 0.015625 0.0046875 0.0503326
0 0.501562 0.664062 0.015625 0.003125 0.0503472
0 0.623438 0.169531 0.0125 0.0046875 0.0504718
0 0.855469 0.464844 0.0140625 0.0046875 0.0505824
0 0.215625 0.353125 0.0125 0.00625 0.0506579
0 0.166406 0.453906 0.0171875 0.0046875 0.0506726
0 0.690625 0.519531 0.021875 0.0015625 0.0507137
0 0.921875 0.104687 0.015625 0.003125 0.0508426
0 0.629687 0.113281 0.0125 0.0046875 0.0510056
0 0.576563 0.167969 0.0125 0.0046875 0.0518924
0 0.603906 0.750781 0.0171875 0.0140625 0.0519054
0 0.501562 0.617188 0.015625 0.003125 0.0519286
0 0.319531 0.116406 0.0140625 0.0046875 0.0519894
0 0.246094 0.889063 0.0046875 0.0125 0.052016
0 0.798437 0.4625 0.015625 0.003125 0.0522315
0 0.375 0.171094 0.0125 0.0046875 0.0523562
0 0.125781 0.40625 0.0171875 0.00625 0.0526068
0 0.798437 0.515625 0.015625 0.003125 0.0529051
0 0.323438 0.0585938 0.015625 0.0046875 0.0530524
0 0.551562 0.61875 0.01875 0.003125 0.0532062
0 0.480469 0.0609375 0.0140625 0.00625 0.0533247
0 0.654688 0.801562 0.028125 0.015625 0.0535637
0 0.453906 0.565625 0.0171875 0.003125 0.053711
0 0.611719 0.372656 0.0140625 0.0015625 0.0542717
0 0.551562 0.669531 0.015625 0.0015625 0.0543702
0 0.267969 0.117188 0.0140625 0.003125 0.0544624
0 0.172656 0.89375 0.0046875 0.009375 0.0545453
0 0.373437 0.11875 0.009375 0.00625 0.0547844
0 0.573438 0.273438 0.015625 0.003125 0.0550751
0 0.127344 0.350781 0.0171875 0.0078125 0.0550858
0 0.642969 0.467969 0.0203125 0.0015625 0.0562756
0 0.507031 0.508594 0.0171875 0.0046875 0.0563754
0 0.378125 0.0585938 0.015625 0.0046875 0.05647
0 0.552344 0.560938 0.0203125 0.003125 0.0568508
0 0.598437 0.516406 0.021875 0.0015625 0.0572954
0 0.267188 0.0617188 0.015625 0.0046875 0.0574958
0 0.521094 0.314063 0.0171875 0.003125 0.0576556
0 0.471875 0.167969 0.015625 0.0046875 0.0578787
0 0.744531 0.521094 0.0171875 0.0015625 0.0582431
0 0.654688 0.751562 0.021875 0.015625 0.0582647
0 0.905469 0.84375 0.0234375 0.009375 0.0585082
0 0.503906 0.564062 0.0171875 0.003125 0.058539
0 0.921094 0.0546875 0.0171875 0.003125 0.0587412
0 0.420312 0.273438 0.0125 0.003125 0.0588612
0 0.45625 0.517187 0.015625 0.00625 0.0588799
0 0.475 0.114063 0.015625 0.00625 0.0591771
0 0.745313 0.465625 0.015625 0.003125 0.0591873
0 0.604688 0.420312 0.015625 0.003125 0.0593951
0 0.400781 0.567187 0.0171875 0.003125 0.0598694
0 0.55625 0.508594 0.01875 0.0046875 0.0612781
0 0.465625 0.31875 0.015625 0.003125 0.0621754
0 0.421094 0.319531 0.0171875 0.0046875 0.0622013
0 0.166406 0.404687 0.0171875 0.00625 0.0623118
0 0.515625 0.367969 0.015625 0.0046875 0.0624001
0 0.455469 0.460156 0.0171875 0.0046875 0.062416
0 0.20625 0.901563 0.028125 0.009375 0.0624302
0 0.419531 0.225 0.0140625 0.003125 0.063544
0 0.463281 0.370313 0.0140625 0.003125 0.0638822
0 0.510938 0.4125 0.01875 0.003125 0.0649849
0 0.460156 0.41875 0.0171875 0.003125 0.0650764
0 0.860937 0.85 0.009375 0.015625 0.0662249
0 0.507812 0.457812 0.01875 0.003125 0.0664001
0 0.167187 0.350781 0.01875 0.0078125 0.0665378
0 0.56875 0.323438 0.015625 0.003125 0.066806
0 0.423438 0.123438 0.009375 0.00625 0.0669666
0 0.688281 0.464844 0.0171875 0.0015625 0.0676252
0 0.404687 0.517969 0.015625 0.0046875 0.0691695
0 0.408594 0.461719 0.0171875 0.0046875 0.0696606
0 0.425 0.06875 0.0125 0.00625 0.0699124
0 0.420312 0.177344 0.0125 0.0046875 0.0708653
0 0.564062 0.374219 0.015625 0.0015625 0.0712158
0 0.6 0.467969 0.01875 0.0015625 0.072254
0 0.15625 0.900781 0.021875 0.0109375 0.0725648
0 0.419531 0.36875 0.0171875 0.003125 0.0728868
0 0.559375 0.417969 0.015625 0.0015625 0.0732483
0 0.555469 0.460938 0.0171875 0.003125 0.0748606
0 0.415625 0.419531 0.01875 0.0046875 0.0774892
0 0.85625 0.884375 0.021875 0.003125 0.0806643
0 0.157813 0.95 0.015625 0.009375 0.0810974
