0 0.761719 0.985156 0.0109375 0.0109375 0.101554
0 0.361719 0.182031 0.0109375 0.0046875 0.050158
0 0.53125 0.0578125 0.01875 0.003125 0.0502665
0 0.926562 0.101562 0.015625 0.003125 0.0505798
0 0.396875 0.238281 0.03125 0.0140625 0.0506978
0 0.765625 0.9875 0.025 0.021875 0.0508021
0 0.547656 0.549219 0.0171875 0.0203125 0.0508879
0 0.421875 0.753906 0.0125 0.0046875 0.0509072
0 0.497656 0.4625 0.0140625 0.003125 0.0509514
0 0.792969 0.984375 0.0109375 0.00625 0.0511084
0 0.723437 0.108594 0.015625 0.0015625 0.051128
0 0.828906 0.05625 0.0171875 0.003125 0.0511455
0 0.939844 0.065625 0.0046875 0.00625 0.0511898
0 0.425781 0.0671875 0.0140625 0.003125 0.0512199
0 0.817187 0.208594 0.01875 0.0015625 0.051362
0 0.503125 0.616406 0.015625 0.0015625 0.0514121
0 0.35625 0.553125 0.009375 0.003125 0.0514883
0 0.460156 0.65625 0.0109375 0.003125 0.0515177
0 0.599219 0.522656 0.0140625 0.0015625 0.0515216
0 0.628906 0.0601562 0.0171875 0.0015625 0.051547
0 0.875781 0.0539063 0.0171875 0.0015625 0.0517711
0 0.649219 0.571094 0.0140625 0.0015625 0.0518762
0 0.599219 0.463281 0.0171875 0.0015625 0.051953
0 0.775 0.0570313 0.01875 0.0015625 0.0520059
0 0.563281 0.366406 0.0140625 0.0015625 0.0523469
0 0.677344 0.0546875 0.0203125 0.003125 0.0526453
0 0.474219 0.06875 0.0171875 0.003125 0.0528999
0 0.748438 0.880469 0.01875 0.0046875 0.0532625
0 0.544531 0.4625 0.0140625 0.003125 0.0533779
0 0.307031 0.263281 0.0171875 0.0046875 0.0533831
0 0.407031 0.505469 0.0140625 0.0015625 0.0536112
0 0.579687 0.05625 0.01875 0.003125 0.0537452
0 0.523438 0.109375 0.01875 0.003125 0.0539393
0 0.575781 0.163281 0.0171875 0.0015625 0.0541315
0 0.728906 0.0585938 0.0203125 0.0015625 0.0542881
0 0.460938 0.178125 0.0125 0.003125 0.0543693
0 0.674219 0.158594 0.0171875 0.0015625 0.0547343
0 0.449219 0.352344 0.0359375 0.0109375 0.0553935
0 0.371875 0.121875 0.0125 0.003125 0.0557433
0 0.514844 0.171094 0.0140625 0.0015625 0.0557598
0 0.810938 0.984375 0.034375 0.01875 0.0559008
0 0.40625 0.459375 0.0125 0.003125 0.0560484
0 0.580469 0.105469 0.0171875 0.0015625 0.0560649
0 0.450781 0.460156 0.0140625 0.0015625 0.0564351
0 0.621875 0.161719 0.015625 0.0015625 0.0564901
0 0.753125 0.823438 0.01875 0.00625 0.057426
0 0.424219 0.810938 0.0140625 0.00625 0.0577159
0 0.450781 0.564062 0.0171875 0.003125 0.057951
0 0.425 0.857813 0.015625 0.00625 0.0583563
0 0.465625 0.121875 0.015625 0.003125 0.0585345
0 0.600781 0.622656 0.0140625 0.0015625 0.0587169
0 0.675781 0.107813 0.0171875 0.003125 0.0588667
0 0.355469 0.239844 0.0328125 0.0078125 0.0589569
0 0.409375 0.183594 0.0125 0.0046875 0.0595087
0 0.407031 0.557813 0.0109375 0.003125 0.0598128
0 0.498437 0.567969 0.015625 0.0015625 0.0598442
0 0.555469 0.41875 0.0140625 0 0.0601468
0 0.953125 0.0664062 0.00625 0.0046875 0.0607337
0 0.626562 0.107031 0.01875 0.0015625 0.0608026
0 0.550781 0.621875 0.0171875 0.003125 0.0612505
0 0.414062 0.603906 0.009375 0.0015625 0.0623377
0 0.45 0.510156 0.015625 0.0015625 0.0629074
0 0.417969 0.121875 0.0140625 0.003125 0.0640705
0 0.549219 0.571094 0.0171875 0.0015625 0.0669153
0 0.49375 0.510156 0.015625 0.0015625 0.0680646
0 0.413281 0.653125 0.0078125 0.003125 0.0684174
0 0.599219 0.572656 0.0171875 0.0015625 0.0695015
0 0.761719 0.985156 0.0109375 0.0109375 0.101554
