0 0.923437 0.152344 0.015625 0.0015625 0.0500287
0 0.305469 0.171094 0.0171875 0.0015625 0.0502836
0 0.873438 0.10625 0.0125 0.003125 0.0504149
0 0.467187 0.172656 0.015625 0.0015625 0.0506393
0 0.40625 0.451562 0.034375 0.009375 0.0508141
0 0.511719 0.816406 0.0171875 0.0078125 0.0509845
0 0.454688 0.317969 0.015625 0.0015625 0.0510485
0 0.28125 0.414062 0.003125 0.009375 0.0510628
0 0.782812 0.55625 0.0125 0.003125 0.0510704
0 0.359375 0.403125 0.0375 0.015625 0.0510963
0 0.3625 0.122656 0.0125 0.0046875 0.0512026
0 0.222656 0.065625 0.0140625 0.003125 0.051213
0 0.580469 0.0609375 0.0171875 0.003125 0.0512262
0 0.503125 0.613281 0.015625 0.0015625 0.051262
0 0.173438 0.175781 0.015625 0.0046875 0.051341
0 0.7875 0.577344 0.009375 0.0015625 0.051457
0 0.304688 0.11875 0.01875 0.003125 0.0514892
0 0.507031 0.660937 0.0171875 0.003125 0.051794
0 0.221094 0.122656 0.0140625 0.0046875 0.0518927
0 0.402344 0.5625 0.0140625 0.003125 0.0519214
0 0.617969 0.172656 0.0140625 0.0015625 0.0520443
0 0.453125 0.226562 0.01875 0.003125 0.0520566
0 0.414844 0.347656 0.0265625 0.0140625 0.0520623
0 0.13125 0.113281 0.0125 0.0046875 0.0521349
0 0.178906 0.121094 0.0140625 0.0046875 0.0523007
0 0.264844 0.0171875 0.0140625 0.003125 0.0523623
0 0.308594 0.450781 0.0078125 0.0171875 0.0524695
0 0.457031 0.661719 0.0171875 0.0015625 0.0527311
0 0.421875 0.125 0.0125 0.003125 0.0528293
0 0.514844 0.171094 0.0171875 0.0015625 0.0529392
0 0.238281 0.426562 0.0140625 0.00625 0.0533524
0 0.479688 0.117188 0.015625 0.003125 0.0534328
0 0.299219 0.403125 0.0171875 0.0125 0.0537735
0 0.565625 0.909375 0.01875 0.00625 0.053831
0 0.677344 0.113281 0.0140625 0.0015625 0.0553058
0 0.620313 0.122656 0.0125 0.0015625 0.0556604
0 0.110156 0.754687 0.0140625 0.009375 0.0557921
0 0.567969 0.81875 0.0140625 0.00625 0.0564002
0 0.172656 0.0664062 0.0140625 0.0046875 0.0566005
0 0.574219 0.171094 0.0171875 0.0015625 0.056696
0 0.453125 0.614062 0.0125 0.003125 0.0569704
0 0.059375 0.75625 0.0125 0.009375 0.0572071
0 0.413281 0.404687 0.0328125 0.009375 0.0572931
0 0.258594 0.45 0.0140625 0.015625 0.0592131
0 0.261719 0.403906 0.0203125 0.0140625 0.0595589
0 0.453906 0.564844 0.0109375 0.0015625 0.0598734
0 0.360156 0.45 0.0265625 0.0125 0.0601148
0 0.527344 0.116406 0.0171875 0.0015625 0.0601156
0 0.371875 0.0703125 0.0125 0.003125 0.061831
0 0.578125 0.123438 0.015625 0.003125 0.0626587
0 0.529688 0.0609375 0.015625 0.003125 0.0636529
0 0.757031 0.607031 0.0046875 0.0109375 0.0641987
0 0.477344 0.0664062 0.0140625 0.0015625 0.0649343
0 0.121875 0.0648438 0.015625 0.0046875 0.0650527
0 0.421875 0.071875 0.0125 0.003125 0.0674336
