0 0.916406 0.90625 0.0140625 0.003125 0.0500156
0 0.25 0.830469 0.01875 0.0046875 0.0500422
0 0.225781 0.0617188 0.0140625 0.0046875 0.0500459
0 0.725781 0.0523437 0.0234375 0.0015625 0.0500512
0 0.11875 0.3625 0.01875 0.003125 0.0501264
0 0.257812 0.421875 0.015625 0.003125 0.0503535
0 0.104687 0.461719 0.015625 0.0015625 0.0503632
0 0.864844 0.811719 0.0171875 0.0046875 0.0503702
0 0.827344 0.0609375 0.0078125 0.003125 0.0504453
0 0.754687 0.8125 0.015625 0.003125 0.0505561
0 0.915625 0.65 0.015625 0.003125 0.0505748
0 0.925781 0.0476562 0.0234375 0.0015625 0.0507136
0 0.401563 0.471875 0.015625 0.003125 0.0510361
0 0.60625 0.357031 0.01875 0.0015625 0.0511621
0 0.399219 0.422656 0.0140625 0.0015625 0.0512734
0 0.928125 0.021875 0.0125 0.003125 0.0515497
0 0.865625 0.149219 0.025 0.0015625 0.0516943
0 0.890625 0.0640625 0.009375 0.003125 0.0519497
0 0.509375 0.213281 0.021875 0.0015625 0.0519753
0 0.613281 0.70625 0.0140625 0.003125 0.0519794
0 0.664844 0.158594 0.0234375 0.0015625 0.0519892
0 0.6125 0.207813 0.021875 0 0.0520214
0 0.810156 0.909375 0.0171875 0.003125 0.0520455
0 0.410937 0.219531 0.01875 0.0015625 0.0522075
0 0.403125 0.567187 0.015625 0.003125 0.0523523
0 0.772656 0.0492188 0.0265625 0.0015625 0.0524658
0 0.40625 0.51875 0.015625 0.003125 0.05282
0 0.607813 0.560156 0.015625 0.0015625 0.0528288
0 0.809375 0.654688 0.015625 0.003125 0.0529047
0 0.607813 0.611719 0.0125 0.0015625 0.052953
0 0.121875 0.321094 0.01875 0.0046875 0.053054
0 0.852344 0.065625 0.0078125 0.003125 0.053117
0 0.919531 0.85625 0.0140625 0.00625 0.0533239
0 0.801562 0.507031 0.01875 0.0015625 0.0535081
0 0.55625 0.655469 0.015625 0.0015625 0.0538075
0 0.819531 0.046875 0.0234375 0 0.0538931
0 0.876562 0.071875 0.00625 0.003125 0.0540614
0 0.325 0.065625 0.01875 0.003125 0.0541045
0 0.8125 0.151562 0.025 0 0.0541752
0 0.623438 0.0539063 0.021875 0.0015625 0.054295
0 0.710938 0.110156 0.021875 0.0015625 0.054319
0 0.379687 0.0578125 0.021875 0.003125 0.054356
0 0.30625 0.367969 0.01875 0.0015625 0.0545719
0 0.453125 0.655469 0.015625 0.0015625 0.0548713
0 0.60625 0.408594 0.015625 0.0015625 0.054929
0 0.204688 0.420312 0.015625 0.003125 0.0550324
0 0.665625 0.111719 0.01875 0.0015625 0.0551907
0 0.8 0.00078125 0.0125 0.0015625 0.055233
0 0.509375 0.308594 0.015625 0.0015625 0.0552654
0 0.504687 0.605469 0.015625 0.0015625 0.0555241
0 0.800781 0.457812 0.0203125 0.003125 0.0555377
0 0.454688 0.369531 0.0125 0.0015625 0.055567
0 0.928906 0.0476562 0.0078125 0.0046875 0.0558344
0 0.864062 0.06875 0.00625 0.003125 0.0558693
0 0.325781 0.110156 0.0234375 0.0015625 0.056117
0 0.874219 0.0476562 0.0234375 0.0015625 0.056367
0 0.559375 0.210156 0.021875 0.0015625 0.0564447
0 0.5625 0.408594 0.01875 0.0015625 0.0568753
0 0.563281 0.159375 0.0203125 0 0.0572094
0 0.461719 0.217187 0.0203125 0.003125 0.0573693
0 0.765625 0.100781 0.025 0.0015625 0.0576134
0 0.808594 0.603125 0.0171875 0.003125 0.0576877
0 0.432031 0.0554687 0.0203125 0.0015625 0.057756
0 0.614062 0.160156 0.021875 0.0015625 0.0577902
0 0.954687 0.0617188 0.009375 0.0046875 0.0581328
0 0.813281 0 0.0109375 0 0.0587025
0 0.480469 0.0585938 0.0203125 0.0015625 0.0588997
0 0.513281 0.161719 0.0234375 0.0015625 0.0592278
0 0.305469 0.85 0.0296875 0.009375 0.0593322
0 0.920313 0.0992187 0.021875 0.0015625 0.0594818
0 0.557031 0.605469 0.0171875 0.0015625 0.0594974
0 0.558594 0.308594 0.0203125 0.0015625 0.059853
0 0.378906 0.1125 0.0203125 0.003125 0.0601014
0 0.575 0.0523437 0.021875 0.0015625 0.0606548
0 0.608594 0.659375 0.0140625 0.003125 0.0607429
0 0.914844 0.196094 0.0203125 0.0015625 0.061152
0 0.527344 0.05625 0.0203125 0.003125 0.0613098
0 0.941406 0.0609375 0.0078125 0.00625 0.0628792
0 0.461719 0.167969 0.0234375 0.0015625 0.0629121
0 0.414844 0.169531 0.0203125 0.0015625 0.0631312
0 0.555469 0.563281 0.0171875 0.0015625 0.0637607
0 0.867969 0.0960938 0.0234375 0.0015625 0.0640556
0 0.557031 0.507031 0.0171875 0.0015625 0.0641443
0 0.815625 0.096875 0.025 0 0.0642579
0 0.520312 0.109375 0.021875 0 0.0644474
0 0.507812 0.364844 0.015625 0.0015625 0.0646318
0 0.255469 0.853125 0.0140625 0.0125 0.0646937
0 0.56875 0.107031 0.021875 0.0015625 0.0647928
0 0.928906 0.034375 0.0078125 0.003125 0.0649314
0 0.203125 0.471875 0.01875 0.003125 0.0651808
0 0.914844 0.147656 0.0203125 0.0015625 0.065666
0 0.614844 0.111719 0.0203125 0.0015625 0.0678194
0 0.425781 0.114844 0.0203125 0.0015625 0.067955
0 0.469531 0.116406 0.0203125 0.0015625 0.0681619
0 0.558594 0.364062 0.0171875 0 0.0719372
0 0.928906 0.0640625 0.0078125 0.00625 0.0737138
