0 0.575 0.908594 0.0125 0.0046875 0.0504362
0 0.628125 0.1125 0.0125 0.003125 0.0508258
0 0.716406 0.117188 0.0140625 0.003125 0.0509818
0 0.765625 0.115625 0.015625 0.003125 0.0509989
0 0.76875 0.0609375 0.015625 0.003125 0.0510075
0 0.303906 0.0265625 0.0171875 0.0125 0.0510252
0 0.519531 0.907031 0.0140625 0.0078125 0.0510972
0 0.525781 0.110937 0.0140625 0.003125 0.0512807
0 0.416406 0.408594 0.0109375 0.0046875 0.0514846
0 0.567187 0.661719 0.0125 0.0046875 0.052102
0 0.216406 0.0320312 0.0171875 0.0171875 0.0522042
0 0.673437 0.117188 0.0125 0.003125 0.0525784
0 0.573438 0.860937 0.0125 0.00625 0.0527858
0 0.424219 0.810156 0.0140625 0.0078125 0.0534722
0 0.564844 0.614062 0.0109375 0.003125 0.0538909
0 0.158594 0.075 0.0171875 0.00625 0.0539785
0 0.466406 0.40625 0.0109375 0.00625 0.0544787
0 0.811719 0.655469 0.0234375 0.0109375 0.0548629
0 0.414062 0.454688 0.009375 0.00625 0.0551548
0 0.133594 0.858594 0.0140625 0.0078125 0.0551707
0 0.575 0.811719 0.0125 0.0078125 0.0559186
0 0.851562 0.621875 0.01875 0.003125 0.056191
0 0.51875 0.710156 0.0125 0.0078125 0.0563268
0 0.467969 0.65625 0.0140625 0.00625 0.0566713
0 0.522656 0.810156 0.0140625 0.0109375 0.0570852
0 0.519531 0.858594 0.0140625 0.0078125 0.0574325
0 0.416406 0.117969 0.0140625 0.0046875 0.0574702
0 0.463281 0.450781 0.0109375 0.0078125 0.0581082
0 0.515625 0.453125 0.0125 0.00625 0.0582122
0 0.464844 0.60625 0.0109375 0.00625 0.0584542
0 0.567187 0.458594 0.0125 0.0046875 0.0602143
0 0.514063 0.610156 0.0125 0.0046875 0.0602894
0 0.199219 0.028125 0.0203125 0.00625 0.060517
0 0.254687 0.0273438 0.015625 0.0078125 0.060857
0 0.515625 0.660937 0.0125 0.00625 0.0613231
0 0.4625 0.502344 0.009375 0.0078125 0.0615172
0 0.853906 0.599219 0.0234375 0.0109375 0.0618641
0 0.863281 0.650781 0.0296875 0.0171875 0.0618747
0 0.559375 0.564062 0.009375 0.003125 0.0632611
0 0.802344 0.591406 0.0046875 0.0140625 0.0640691
0 0.459375 0.55625 0.009375 0.00625 0.0667547
0 0.253906 0.078125 0.0171875 0.00625 0.0693869
0 0.511719 0.503125 0.0109375 0.00625 0.0701934
0 0.198437 0.0820312 0.01875 0.0078125 0.0706124
0 0.508594 0.559375 0.0109375 0.003125 0.0710612
0 0.5625 0.508594 0.009375 0.0046875 0.0721993
0 0.15 0.025 0.01875 0.00625 0.0722343
