0 0.657812 0.663281 0.01875 0.0015625 0.050025
0 0.225781 0.0648438 0.0203125 0.0015625 0.050066
0 0.122656 0.446094 0.0234375 0.0015625 0.0500998
0 0.369531 0.358594 0.0203125 0.0015625 0.0501995
0 0.469531 0.757812 0.0328125 0.015625 0.0502015
0 0.310937 0.761719 0.04375 0.0203125 0.050221
0 0.120312 0.778906 0.021875 0.0015625 0.0502579
0 0.564844 0.852344 0.0203125 0.0171875 0.0502616
0 0.226562 0.00703125 0.009375 0.0015625 0.0502956
0 0.464844 0.814844 0.0203125 0.0046875 0.0504285
0 0.56875 0.159375 0.01875 0 0.0504321
0 0.0742188 0.924219 0.0140625 0.0046875 0.0504397
0 0.411719 0.160156 0.0203125 0.0015625 0.0505142
0 0.610937 0.753906 0.015625 0.0015625 0.0505149
0 0.415625 0.867969 0.01875 0.0046875 0.0505482
0 0.270312 0.108594 0.01875 0.0015625 0.0506184
0 0.314844 0.109375 0.0203125 0 0.050707
0 0.238281 0.188281 0.0109375 0.0078125 0.0508542
0 0.114844 0.560938 0.0171875 0 0.0509146
0 0.5125 0.110937 0.01875 0 0.0510199
0 0.364062 0.8375 0.028125 0.0125 0.0511123
0 0.174219 0.0125 0.0140625 0.003125 0.0511855
0 0.0640625 0.0335938 0.00625 0.0015625 0.0512374
0 0.119531 0.824219 0.0203125 0.0015625 0.0512885
0 0.3125 0.850781 0.034375 0.0140625 0.0515425
0 0.510938 0.164062 0.01875 0 0.051598
0 0.611719 0.5125 0.0171875 0 0.0516183
0 0.617969 0.853906 0.0203125 0.0015625 0.0516591
0 0.0648438 0.780469 0.0203125 0.0015625 0.0517272
0 0.464844 0.8 0.0296875 0.0125 0.0517963
0 0.366406 0.814062 0.0203125 0.003125 0.0518306
0 0.124219 0.158594 0.0234375 0.0015625 0.0518561
0 0.167969 0.76875 0.0203125 0.003125 0.0518922
0 0.360938 0.653906 0.01875 0.0015625 0.0519775
0 0.524219 0.3625 0.0203125 0 0.0521295
0 0.621094 0.0476562 0.0234375 0.0015625 0.0521556
0 0.429688 0.463281 0.04375 0.0171875 0.0521685
0 0.307813 0.657812 0.015625 0 0.0522508
0 0.267188 0.255469 0.021875 0.0015625 0.0523095
0 0.36875 0.557031 0.015625 0.0015625 0.0524261
0 0.0351562 0.00078125 0.0140625 0.0015625 0.0527635
0 0.265625 0.202344 0.021875 0.0015625 0.0529427
0 0.570312 0.0539063 0.021875 0.0015625 0.0529443
0 0.159375 0.615625 0.015625 0 0.0531996
0 0.421875 0.814062 0.021875 0.003125 0.053461
0 0.607813 0.664844 0.01875 0.0015625 0.0535483
0 0.469531 0.455469 0.0421875 0.0171875 0.0536073
0 0.513281 0.861719 0.0171875 0.0015625 0.0536335
0 0.261719 0.608594 0.0140625 0.0015625 0.0538705
0 0.310156 0.555469 0.0171875 0.0015625 0.0538743
0 0.514844 0.841406 0.0171875 0.0140625 0.0539133
0 0.167187 0.717969 0.021875 0.0015625 0.0539928
0 0.167969 0.896094 0.0234375 0.0171875 0.0540444
0 0.16875 0.451562 0.025 0 0.0543238
0 0.06875 0.871094 0.015625 0.0046875 0.0543889
0 0.163281 0.563281 0.0203125 0.0015625 0.0543926
0 0.264062 0.398438 0.021875 0 0.0544697
0 0.3625 0.152344 0.01875 0.0015625 0.054578
0 0.11875 0.254687 0.025 0 0.0545854
0 0.370313 0.764063 0.04375 0.015625 0.0546303
0 0.464844 0.829687 0.0171875 0.015625 0.0546365
0 0.314844 0.814062 0.0203125 0.003125 0.0547291
0 0.365625 0.40625 0.01875 0 0.0547719
0 0.460938 0.703906 0.021875 0.0015625 0.0550977
0 0.3625 0.203125 0.021875 0 0.055145
0 0.119531 0.397656 0.0234375 0.0015625 0.0552462
0 0.369531 0.605469 0.0171875 0.0015625 0.0552852
0 0.176563 0.302344 0.021875 0.0015625 0.0555797
0 0.121094 0.35 0.0234375 0 0.0556026
0 0.147656 0.00390625 0.0078125 0.0015625 0.0558267
0 0.564062 0.420312 0.01875 0 0.0562753
0 0.569531 0.104687 0.0203125 0 0.0563477
0 0.364062 0.451562 0.01875 0 0.056446
0 0.213281 0.257812 0.0234375 0 0.0565004
0 0.166406 0.402344 0.0234375 0.0015625 0.0570169
0 0.5625 0.707031 0.01875 0.0015625 0.0571352
0 0.164844 0.263281 0.0234375 0.0015625 0.0572551
0 0.363281 0.8 0.0359375 0.01875 0.0572586
0 0.21875 0.507031 0.01875 0.0015625 0.0574208
0 0.3125 0.153906 0.021875 0.0015625 0.0575329
0 0.3125 0.201562 0.025 0 0.0576392
0 0.113281 0.917188 0.0203125 0.003125 0.0579059
0 0.316406 0.607031 0.0171875 0.0015625 0.0579197
0 0.2625 0.553125 0.015625 0 0.058008
0 0.130469 0.1125 0.0203125 0.003125 0.0581001
0 0.15625 0.870313 0.01875 0.003125 0.058309
0 0.469531 0.35625 0.0203125 0 0.0586467
0 0.655469 0.617188 0.0203125 0 0.0587403
0 0.3625 0.763281 0.015625 0.0015625 0.058896
0 0.4625 0.755469 0.021875 0.0015625 0.0589383
0 0.474219 0.447656 0.0140625 0.0015625 0.0590079
0 0.3125 0.402344 0.021875 0.0015625 0.0591415
0 0.122656 0.502344 0.0234375 0.0015625 0.059386
0 0.172656 0.357031 0.0203125 0.0015625 0.0595713
0 0.415625 0.359375 0.01875 0 0.0596485
0 0.608594 0.807031 0.0171875 0.0015625 0.0597829
0 0.159375 0.208594 0.025 0.0015625 0.0600759
0 0.209375 0.914062 0.01875 0.003125 0.0601975
0 0.217187 0.452344 0.021875 0.0015625 0.060303
0 0.604688 0.569531 0.01875 0.0015625 0.0606674
0 0.359375 0.710938 0.015625 0 0.0606949
0 0.11875 0.207031 0.025 0.0015625 0.0608887
0 0.260156 0.503906 0.0171875 0.0015625 0.0610918
0 0.364062 0.503906 0.015625 0.0015625 0.0611491
0 0.513281 0.708594 0.0203125 0.0015625 0.0612671
0 0.465625 0.505469 0.04375 0.0140625 0.0613626
0 0.157031 0.820312 0.0203125 0.003125 0.0619008
0 0.217969 0.400781 0.0203125 0.0015625 0.0636243
0 0.216406 0.558594 0.0171875 0.0015625 0.063766
0 0.410156 0.702344 0.0203125 0.0015625 0.063856
0 0.3125 0.501562 0.01875 0 0.0641591
0 0.3125 0.448438 0.021875 0 0.0643914
0 0.464844 0.655469 0.0234375 0.0015625 0.0650127
0 0.259375 0.448438 0.021875 0 0.0651429
0 0.514063 0.757031 0.01875 0.0015625 0.06524
0 0.0640625 0.0632813 0.00625 0.0015625 0.0652947
0 0.113281 0.961719 0.0171875 0.0046875 0.0654151
0 0.5625 0.754687 0.015625 0 0.0656557
0 0.416406 0.758594 0.0203125 0.0015625 0.0657229
0 0.471094 0.40625 0.0171875 0 0.0658821
0 0.15625 0.9125 0.01875 0.003125 0.0662572
0 0.154687 0.964063 0.01875 0.003125 0.0663766
0 0.519531 0.414844 0.0203125 0.0015625 0.0666245
0 0.515625 0.457031 0.015625 0.0015625 0.0668333
0 0.424219 0.498437 0.0140625 0 0.0669629
0 0.564062 0.858594 0.01875 0.0015625 0.0670365
0 0.421875 0.448438 0.015625 0 0.0672421
0 0.4125 0.649219 0.021875 0.0015625 0.0673423
0 0.511719 0.813281 0.0171875 0.0015625 0.0675588
0 0.567187 0.463281 0.015625 0.0015625 0.0690831
0 0.607031 0.617969 0.0203125 0.0015625 0.0691378
0 0.417969 0.604688 0.0171875 0 0.0697336
0 0.472656 0.497656 0.0171875 0.0015625 0.0697683
0 0.465625 0.608594 0.021875 0.0015625 0.0706143
0 0.515625 0.502344 0.015625 0.0015625 0.071184
0 0.563281 0.660937 0.0234375 0 0.0714861
0 0.416406 0.40625 0.0171875 0 0.0731291
0 0.200781 0.015625 0.0109375 0.003125 0.0732335
0 0.46875 0.557031 0.01875 0.0015625 0.0744797
0 0.421875 0.553906 0.0125 0.0015625 0.0765991
0 0.567969 0.509375 0.0171875 0 0.0770497
0 0.514063 0.657031 0.021875 0.0015625 0.0798468
0 0.557813 0.811719 0.015625 0.0015625 0.0818122
0 0.565625 0.614062 0.021875 0 0.0845471
0 0.5125 0.560156 0.01875 0.0015625 0.0868263
0 0.560938 0.567969 0.01875 0.0015625 0.0899192
0 0.513281 0.609375 0.0203125 0 0.0964111
