0 0.671094 0.0484375 0.0203125 0.003125 0.0500862
0 0.767969 0.500781 0.0171875 0.0015625 0.0503024
0 0.91875 0.602344 0.009375 0.0046875 0.0504047
0 0.516406 0.208594 0.0140625 0.0046875 0.0506916
0 0.455469 0.707812 0.0140625 0.003125 0.0507495
0 0.470313 0.110156 0.0125 0.0046875 0.0509277
0 0.364062 0.651563 0.0125 0.003125 0.0509384
0 0.564844 0.310156 0.0109375 0.0015625 0.0512114
0 0.420312 0.359375 0.0125 0.003125 0.0513048
0 0.419531 0.15625 0.0140625 0.003125 0.0515159
0 0.615625 0.10625 0.0125 0.003125 0.0515513
0 0.86875 0.552344 0.015625 0.0015625 0.0521867
0 0.410156 0.70625 0.0140625 0.003125 0.0522927
0 0.196094 0.851562 0.0328125 0.009375 0.052419
0 0.421875 0.110937 0.0125 0.003125 0.0526899
0 0.514844 0.303125 0.0109375 0.003125 0.0530652
0 0.51875 0.105469 0.0125 0.0046875 0.0531717
0 0.360156 0.603125 0.0140625 0.003125 0.0533177
0 0.767187 0.552344 0.015625 0.0015625 0.053653
0 0.665625 0.501562 0.015625 0.003125 0.0540456
0 0.566406 0.210156 0.0140625 0.0015625 0.0540814
0 0.519531 0.158594 0.0140625 0.0046875 0.0541765
0 0.572656 0.805469 0.0140625 0.0046875 0.0542032
0 0.3625 0.502344 0.0125 0.0046875 0.0543959
0 0.364062 0.449219 0.009375 0.0046875 0.0544495
0 0.6125 0.407031 0.0125 0.0015625 0.0545686
0 0.565625 0.257812 0.0125 0.003125 0.0546624
0 0.811719 0.6 0.0140625 0.003125 0.0547399
0 0.825781 0.0539063 0.0203125 0.0015625 0.0547451
0 0.236719 0.85625 0.0078125 0.003125 0.0553822
0 0.560156 0.705469 0.0109375 0.0046875 0.0555171
0 0.50625 0.704687 0.0125 0.003125 0.0562278
0 0.928125 0.925 0 0.0125 0.056619
0 0.616406 0.602344 0.0109375 0.0015625 0.0567653
0 0.56875 0.852344 0.015625 0.0046875 0.0569848
0 0.470313 0.355469 0.0125 0.0046875 0.0576754
0 0.570312 0.160938 0.0125 0.003125 0.0579579
0 0.817187 0.552344 0.015625 0.0015625 0.058207
0 0.569531 0.104687 0.0109375 0.003125 0.0596814
0 0.566406 0.358594 0.0109375 0.0015625 0.0600649
0 0.614062 0.555469 0.0125 0.0015625 0.0610693
0 0.660156 0.453906 0.0140625 0.0015625 0.0616961
0 0.410937 0.558594 0.0125 0.0046875 0.0617353
0 0.570312 0.407031 0.0125 0.0015625 0.0621168
0 0.519531 0.353906 0.0109375 0.0015625 0.062263
0 0.410937 0.65625 0.0125 0.003125 0.0627221
0 0.455469 0.65625 0.0109375 0.003125 0.0627353
0 0.561719 0.653906 0.0109375 0.0015625 0.0628494
0 0.507812 0.653125 0.0125 0.003125 0.0644643
0 0.51875 0.403125 0.0125 0.003125 0.0644649
0 0.458594 0.553125 0.0140625 0.003125 0.0654961
0 0.513281 0.55 0.0140625 0.003125 0.0661902
0 0.467187 0.403125 0.0125 0.003125 0.066265
0 0.407031 0.607813 0.0140625 0.003125 0.0667154
0 0.41875 0.40625 0.009375 0.003125 0.0672235
0 0.563281 0.602344 0.0109375 0.0015625 0.068424
0 0.510156 0.6 0.0109375 0.003125 0.069172
0 0.514844 0.499219 0.0140625 0.0046875 0.0691835
0 0.454688 0.603125 0.0125 0.003125 0.0696557
0 0.460938 0.499219 0.0125 0.0046875 0.0714495
0 0.516406 0.447656 0.0140625 0.0046875 0.0728893
0 0.617969 0.451562 0.0140625 0.003125 0.0733029
0 0.616406 0.501562 0.0140625 0.003125 0.0734614
0 0.410937 0.503906 0.0125 0.0046875 0.0736417
0 0.574219 0.449219 0.0140625 0.0046875 0.080121
0 0.4625 0.446875 0.0125 0.00625 0.0834749
0 0.564062 0.551562 0.0125 0.003125 0.0835821
0 0.416406 0.449219 0.0109375 0.0046875 0.0864477
0 0.567969 0.501562 0.0140625 0.003125 0.0900177
