0 0.5625 0.510156 0.00625 0.0015625 0.0501312
0 0.389844 0.114844 0.0078125 0.0015625 0.0501392
0 0.227344 0.138281 0.0078125 0.0046875 0.0502488
0 0.410156 0.661719 0.0140625 0.0015625 0.0506955
0 0.620313 0.760938 0.015625 0.003125 0.0508628
0 0.273438 0.148438 0.025 0 0.0512214
0 0.132812 0.101562 0.021875 0.003125 0.0513842
0 0.253906 0.260156 0.0109375 0.0015625 0.052004
0 0.365625 0.0226563 0.0125 0.0015625 0.0527697
0 0.402344 0.115625 0.0078125 0.003125 0.0532039
0 0.557813 0.560156 0.009375 0.0015625 0.053447
0 0.404687 0.6125 0.0125 0.003125 0.0541583
0 0.403125 0.261719 0.003125 0.0078125 0.054675
0 0.365625 0.0367187 0.009375 0.0015625 0.0547088
0 0.413281 0.757031 0.0234375 0.0109375 0.0549784
0 0.557813 0.608594 0.0125 0.0015625 0.0550943
0 0.414062 0.279687 0 0.00625 0.0558085
0 0.453906 0.608594 0.0140625 0.0015625 0.0558959
0 0.573438 0.757812 0.01875 0.003125 0.0559944
0 0.459375 0.658594 0.015625 0.0015625 0.0560106
0 0.960938 0.710938 0.01875 0.003125 0.0561378
0 0.459375 0.70625 0.01875 0.003125 0.0561981
0 0.894531 0.7625 0.0203125 0.003125 0.0569376
0 0.403125 0.135156 0.0125 0.0015625 0.0570418
0 0.517969 0.757812 0.0203125 0.003125 0.057425
0 0.516406 0.804688 0.0203125 0.003125 0.0574366
0 0.410937 0.709375 0.015625 0.003125 0.0576417
0 0.253906 0.239844 0.0078125 0.0046875 0.0576881
0 0.507031 0.658594 0.0140625 0.0015625 0.0578995
0 0.508594 0.607813 0.0109375 0 0.0588864
0 0.416406 0.758594 0.0203125 0.0015625 0.0591026
0 0.467969 0.804688 0.0203125 0.003125 0.0592797
0 0.466406 0.757812 0.0203125 0.003125 0.0594316
0 0.503906 0.557813 0.0078125 0.003125 0.059633
0 0.417969 0.80625 0.0203125 0.003125 0.0598082
0 0.563281 0.707031 0.0171875 0.0015625 0.0603017
0 0.403125 0.121875 0.0125 0.003125 0.0604385
0 0.507812 0.70625 0.01875 0.003125 0.0607682
0 0.254687 0.249219 0.009375 0.0046875 0.0626711
0 0.926562 0.2 0.009375 0.003125 0.0630629
0 0.927344 0.233594 0.0046875 0.0078125 0.0643798
0 0.427344 0.267969 0.0015625 0.0109375 0.0650269
0 0.927344 0.244531 0.0046875 0.0078125 0.0715346
0 0.414844 0.267188 0.0015625 0.009375 0.082004
0 0.927344 0.217187 0.0046875 0.00625 0.0836485
