0 0.175781 0.157031 0.0109375 0.0046875 0.0501793
0 0.288281 0.627344 0.0078125 0.0046875 0.0502931
0 0.603125 0.741406 0.021875 0.0171875 0.0502941
0 0.408594 0.486719 0.0203125 0.0109375 0.050321
0 0.510938 0.855469 0.01875 0.0046875 0.0503314
0 0.676562 0.0617188 0.015625 0.0046875 0.0504657
0 0.8125 0.266406 0.01875 0.0015625 0.0504901
0 0.86875 0.267188 0.01875 0.003125 0.0505258
0 0.351562 0.473437 0.015625 0.00625 0.0507131
0 0.483594 0.059375 0.0140625 0.00625 0.0508494
0 0.567969 0.528906 0.0140625 0.0140625 0.0508598
0 0.252344 0.465625 0.0140625 0.003125 0.0510312
0 0.366406 0.857813 0.0171875 0.00625 0.0510846
0 0.372656 0.208594 0.0140625 0.0046875 0.0511096
0 0.504687 0.622656 0.015625 0.0046875 0.0511121
0 0.350781 0.6625 0.0203125 0.003125 0.0511817
0 0.503906 0.805469 0.0203125 0.0046875 0.0512181
0 0.399219 0.803906 0.0203125 0.0046875 0.0512665
0 0.653125 0.372656 0.01875 0.0015625 0.0512981
0 0.160156 0.417188 0.0140625 0.003125 0.0513679
0 0.921875 0.259375 0.0125 0.003125 0.0514698
0 0.711719 0.107031 0.0171875 0.0046875 0.0514847
0 0.25625 0.416406 0.015625 0.0046875 0.0515026
0 0.504687 0.526563 0.015625 0.00625 0.0515489
0 0.607031 0.620313 0.0140625 0.003125 0.0517463
0 0.209375 0.464063 0.0125 0.003125 0.0517609
0 0.502344 0.573438 0.0140625 0.00625 0.0519531
0 0.516406 0.267969 0.0203125 0.0046875 0.0520655
0 0.753906 0.166406 0.0171875 0.0015625 0.0522123
0 0.159375 0.463281 0.0125 0.0015625 0.052349
0 0.865625 0.223438 0.01875 0.003125 0.0524745
0 0.557813 0.71875 0.0125 0.00625 0.0524928
0 0.246094 0.664844 0.0203125 0.0015625 0.0526721
0 0.610937 0.220313 0.01875 0.003125 0.0527077
0 0.398438 0.521094 0.0125 0.0046875 0.0527816
0 0.919531 0.210938 0.0140625 0.003125 0.0527985
0 0.433594 0.0578125 0.0140625 0.00625 0.0529509
0 0.459375 0.715625 0.01875 0.00625 0.0530692
0 0.373437 0.161719 0.0125 0.0046875 0.0531395
0 0.453125 0.667969 0.015625 0.0046875 0.0531399
0 0.8625 0.173438 0.01875 0.003125 0.0532077
0 0.653906 0.322656 0.0203125 0.0015625 0.0532585
0 0.407813 0.392188 0.03125 0.0125 0.0534933
0 0.65 0.425 0.015625 0.003125 0.0535821
0 0.650781 0.566406 0.0171875 0.0015625 0.0537635
0 0.869531 0.314063 0.0171875 0.003125 0.0540381
0 0.420312 0.215625 0.015625 0.003125 0.0541295
0 0.375781 0.111719 0.0109375 0.0046875 0.054339
0 0.390625 0.567187 0.015625 0.00625 0.0547955
0 0.557813 0.767187 0.015625 0.00625 0.0548323
0 0.40625 0.857813 0.01875 0.003125 0.0557958
0 0.379687 0.0609375 0.0125 0.00625 0.0559249
0 0.116406 0.364062 0.0109375 0.003125 0.0560675
0 0.665625 0.164062 0.01875 0.003125 0.0565283
0 0.764844 0.31875 0.0234375 0.003125 0.0566763
0 0.919531 0.160156 0.0171875 0.0015625 0.0567465
0 0.473437 0.114844 0.0125 0.0046875 0.0568111
0 0.649219 0.524219 0.0171875 0.0015625 0.0568902
0 0.164062 0.365625 0.0125 0.003125 0.0569235
0 0.817187 0.314063 0.01875 0.003125 0.05737
0 0.630469 0.0625 0.0171875 0.003125 0.0574473
0 0.673437 0.114844 0.015625 0.0046875 0.0576294
0 0.51875 0.221094 0.015625 0.0046875 0.0576906
0 0.500781 0.473437 0.0171875 0.00625 0.0583865
0 0.239063 0.617188 0.01875 0.003125 0.0586323
0 0.360156 0.808594 0.0203125 0.0078125 0.0586339
0 0.4125 0.265625 0.015625 0.003125 0.0586435
0 0.557031 0.8625 0.0171875 0.00625 0.0587124
0 0.557813 0.671094 0.0125 0.0046875 0.059167
0 0.449219 0.416406 0.0171875 0.0046875 0.0591913
0 0.349219 0.417188 0.0171875 0.00625 0.059265
0 0.429688 0.109375 0.0125 0.00625 0.0596321
0 0.5 0.419531 0.01875 0.0046875 0.0597858
0 0.617188 0.167187 0.01875 0.003125 0.0598988
0 0.303906 0.363281 0.0171875 0.0015625 0.0604775
0 0.408594 0.601562 0.0046875 0.003125 0.0604843
0 0.4 0.473437 0.015625 0.00625 0.060507
0 0.53125 0.0617188 0.015625 0.0046875 0.0608493
0 0.626562 0.117188 0.015625 0.003125 0.0608664
0 0.394531 0.663281 0.0203125 0.0046875 0.0617091
0 0.460156 0.267969 0.0203125 0.0046875 0.0618174
0 0.753125 0.115625 0.01875 0.003125 0.0618209
0 0.600781 0.378125 0.0171875 0.003125 0.0623079
0 0.523438 0.117188 0.0125 0.003125 0.0627226
0 0.596875 0.426562 0.01875 0.003125 0.0631009
0 0.422656 0.164844 0.0140625 0.0046875 0.0638581
0 0.566406 0.271094 0.0203125 0.0046875 0.0639278
0 0.56875 0.222656 0.01875 0.0046875 0.0644703
0 0.464063 0.221094 0.015625 0.0046875 0.0646835
0 0.297656 0.673437 0.0203125 0.003125 0.0652782
0 0.600781 0.527344 0.0140625 0.0015625 0.065397
0 0.517187 0.169531 0.015625 0.0046875 0.0655523
0 0.607031 0.273438 0.0203125 0.003125 0.0662598
0 0.400781 0.421094 0.0171875 0.0046875 0.0664697
0 0.578125 0.0632813 0.015625 0.0046875 0.0669878
0 0.394531 0.617188 0.0171875 0.003125 0.0672587
0 0.403906 0.320312 0.0171875 0.003125 0.0686491
0 0.507031 0.370313 0.0171875 0.003125 0.06906
0 0.453125 0.371875 0.01875 0.003125 0.0693053
0 0.455469 0.321094 0.0203125 0.0015625 0.0694027
0 0.575 0.120312 0.015625 0.003125 0.0696425
0 0.603125 0.325 0.01875 0.003125 0.0700045
0 0.347656 0.364062 0.0171875 0.003125 0.070096
0 0.464844 0.169531 0.0140625 0.0046875 0.0703271
0 0.513281 0.317187 0.0203125 0.003125 0.0709952
0 0.55 0.527344 0.015625 0.0046875 0.0713738
0 0.299219 0.61875 0.0171875 0.003125 0.072501
0 0.549219 0.476562 0.0171875 0.003125 0.0766433
0 0.56875 0.170312 0.01875 0.003125 0.076656
0 0.55625 0.625 0.015625 0.003125 0.077199
0 0.601562 0.575 0.015625 0.003125 0.0775376
0 0.4 0.370313 0.015625 0.003125 0.0782701
0 0.55 0.423438 0.01875 0.003125 0.0799646
0 0.347656 0.610937 0.0203125 0.003125 0.0848714
0 0.555469 0.373437 0.0171875 0.003125 0.0861405
0 0.550781 0.576563 0.0140625 0.003125 0.0873771
0 0.558594 0.321875 0.0203125 0.003125 0.0874179
