0 0.553125 0.567187 0.01875 0.003125 0.0500756
0 0.401563 0.571875 0.021875 0.00625 0.050101
0 0.258594 0.545313 0.0296875 0.021875 0.0503107
0 0.15 0.520312 0.01875 0.003125 0.0503269
0 0.360156 0.607031 0.0296875 0.0171875 0.0503434
0 0.198437 0.566406 0.015625 0.0015625 0.050362
0 0.357031 0.41875 0.0140625 0.003125 0.0505065
0 0.600781 0.466406 0.0203125 0.0046875 0.0506534
0 0.457812 0.271094 0.01875 0.0015625 0.0507891
0 0.457812 0.173438 0.01875 0.003125 0.0507937
0 0.564062 0.320312 0.015625 0.003125 0.0508428
0 0.403906 0.39375 0.0328125 0.01875 0.0508556
0 0.515625 0.121094 0.015625 0.0046875 0.0509929
0 0.253125 0.417188 0.01875 0.003125 0.0510323
0 0.3625 0.276563 0.01875 0.003125 0.0510384
0 0.353125 0.39375 0.028125 0.01875 0.0512044
0 0.404687 0.174219 0.01875 0.0015625 0.0514049
0 0.458594 0.466406 0.0203125 0.0046875 0.0515135
0 0.555469 0.620313 0.0203125 0.003125 0.0524807
0 0.555469 0.516406 0.0171875 0.0046875 0.0527759
0 0.410156 0.65625 0.0171875 0.0125 0.0529492
0 0.2125 0.889063 0.009375 0.021875 0.0529556
0 0.15625 0.425781 0.01875 0.0046875 0.0530294
0 0.358594 0.23125 0.0171875 0.003125 0.0531728
0 0.571094 0.117969 0.0140625 0.0046875 0.0535502
0 0.507031 0.467187 0.0203125 0.003125 0.0549883
0 0.360156 0.182812 0.0171875 0.003125 0.0554677
0 0.560938 0.374219 0.015625 0.0015625 0.0554955
0 0.45625 0.514844 0.021875 0.0046875 0.056174
0 0.459375 0.41875 0.015625 0.003125 0.0566583
0 0.407031 0.466406 0.0203125 0.0046875 0.0568441
0 0.601562 0.417969 0.015625 0.0015625 0.0572832
0 0.405469 0.514844 0.0203125 0.0046875 0.0575847
0 0.25 0.521094 0.009375 0.0015625 0.0580772
0 0.464063 0.124219 0.015625 0.0046875 0.0580918
0 0.569531 0.170312 0.0171875 0.003125 0.0580929
0 0.404687 0.126563 0.015625 0.003125 0.0592114
0 0.161719 0.898438 0.0171875 0.021875 0.0593841
0 0.555469 0.471875 0.0203125 0.003125 0.0594202
0 0.407813 0.749219 0.01875 0.0140625 0.0597069
0 0.202344 0.846094 0.0203125 0.0140625 0.0597109
0 0.20625 0.869531 0.015625 0.0046875 0.0607112
0 0.407031 0.701563 0.0171875 0.0125 0.0607678
0 0.410937 0.41875 0.015625 0.003125 0.0610947
0 0.3625 0.747656 0.01875 0.0078125 0.0613403
0 0.148438 0.869531 0.015625 0.0046875 0.0614194
0 0.192188 0.475 0.015625 0.003125 0.0621714
0 0.196875 0.501562 0.01875 0.015625 0.0634169
0 0.153125 0.853906 0.025 0.0140625 0.0638603
0 0.355469 0.697656 0.0203125 0.0140625 0.0640713
0 0.507031 0.41875 0.0171875 0.003125 0.0650221
0 0.55625 0.424219 0.015625 0.0015625 0.0651942
0 0.229687 0.0476562 0.015625 0.0109375 0.0740685
0 0.199219 0.519531 0.0140625 0.0015625 0.0767021
0 0.246094 0.500781 0.0265625 0.0140625 0.0821631
0 0.266406 0.0382813 0.0203125 0.0078125 0.0840707
0 0.897656 0.70625 0.0890625 0.146875 0.057602
