0 0.408594 0.753906 0.0359375 0.0109375 0.0500508
0 0.610156 0.361719 0.0171875 0.0015625 0.0503398
0 0.891406 0.6875 0.0015625 0.00625 0.050436
0 0.564062 0.314844 0.01875 0.0015625 0.0504691
0 0.872656 0.696875 0.0265625 0 0.050721
0 0.3625 0.70625 0.015625 0.003125 0.0508365
0 0.675781 0.997656 0.0109375 0.0046875 0.0508427
0 0.510938 0.3125 0.01875 0 0.0511687
0 0.258594 0.504687 0.0203125 0 0.05152
0 0.410937 0.307031 0.021875 0.0015625 0.0517532
0 0.467969 0.103906 0.0203125 0.0015625 0.0517915
0 0.559375 0.703906 0.021875 0.0015625 0.0519276
0 0.124219 0.555469 0.0203125 0.0015625 0.0520473
0 0.416406 0.763281 0.0109375 0.0046875 0.0520833
0 0.416406 0.0640625 0.0046875 0.003125 0.0522696
0 0.259375 0.453125 0.01875 0 0.0524966
0 0.608594 0.707031 0.0203125 0.0015625 0.052528
0 0.124219 0.807813 0.0140625 0.00625 0.0526516
0 0.309375 0.403125 0.01875 0 0.0527215
0 0.464063 0.163281 0.01875 0.0015625 0.0528064
0 0.167969 0.605469 0.0203125 0.0015625 0.0528506
0 0.121875 0.307031 0.021875 0.0015625 0.0530407
0 0.363281 0.658594 0.0140625 0.0015625 0.0530429
0 0.3625 0.864844 0.015625 0.0046875 0.0531544
0 0.175781 0.808594 0.0140625 0.0078125 0.0532413
0 0.41875 0.813281 0.015625 0.0046875 0.0533505
0 0.414844 0.707812 0.0140625 0.003125 0.0535909
0 0.2125 0.404687 0.015625 0 0.0536392
0 0.928125 0.701563 0.021875 0 0.0536417
0 0.871875 0.644531 0.025 0.0015625 0.0538881
0 0.307813 0.501562 0.01875 0 0.0545849
0 0.511719 0.257812 0.0203125 0 0.0550478
0 0.928906 0.935938 0.0015625 0.00625 0.0551205
0 0.7625 0.647656 0.021875 0.0015625 0.0552427
0 0.925781 0.649219 0.0234375 0.0015625 0.0555903
0 0.360938 0.304688 0.025 0 0.0556148
0 0.611719 0.651563 0.0203125 0 0.0556344
0 0.364844 0.814062 0.0171875 0.00625 0.0561225
0 0.511719 0.361719 0.0203125 0.0015625 0.0561741
0 0.360938 0.360156 0.021875 0.0015625 0.0562274
0 0.307813 0.451562 0.01875 0 0.0565914
0 0.210938 0.607031 0.01875 0.0015625 0.056858
0 0.878125 0.661719 0.003125 0.0046875 0.0572631
0 0.410937 0.364062 0.021875 0 0.0577869
0 0.260156 0.608594 0.0171875 0.0015625 0.0578179
0 0.213281 0.558594 0.0171875 0.0015625 0.0583285
0 0.415625 0.660156 0.015625 0.0015625 0.0584844
0 0.260938 0.403906 0.01875 0.0015625 0.0585501
0 0.459375 0.453906 0.015625 0.0015625 0.0586459
0 0.460938 0.709375 0.015625 0.003125 0.05869
0 0.564062 0.365625 0.01875 0 0.058787
0 0.814844 0.644531 0.0234375 0.0015625 0.0591094
0 0.460156 0.363281 0.0203125 0.0015625 0.0591306
0 0.171875 0.557031 0.01875 0.0015625 0.0594707
0 0.357031 0.504687 0.0171875 0 0.0603641
0 0.511719 0.454688 0.0203125 0.003125 0.0604059
0 0.35625 0.40625 0.01875 0 0.0610081
0 0.311719 0.607813 0.0171875 0 0.0614621
0 0.354688 0.45625 0.01875 0 0.061722
0 0.507812 0.407813 0.021875 0.003125 0.0620056
0 0.878125 0.673437 0.003125 0.00625 0.0620484
0 0.5625 0.6125 0.01875 0 0.0621311
0 0.310156 0.560156 0.0171875 0.0015625 0.062915
0 0.879687 0.7 0.003125 0.00625 0.0633933
0 0.457812 0.407031 0.01875 0.0015625 0.0634367
0 0.410937 0.614844 0.015625 0.0015625 0.0638117
0 0.259375 0.5625 0.01875 0 0.0640987
0 0.510938 0.610156 0.01875 0.0015625 0.0642523
0 0.517187 0.501562 0.01875 0.003125 0.0643142
0 0.507812 0.707031 0.01875 0.0015625 0.0644762
0 0.928906 0.924219 0.0015625 0.0109375 0.0645525
0 0.357812 0.560156 0.015625 0.0015625 0.0649329
0 0.460156 0.608594 0.0171875 0.0015625 0.0667135
0 0.4625 0.501562 0.015625 0.003125 0.066825
0 0.564062 0.411719 0.01875 0.0015625 0.066949
0 0.4625 0.660937 0.015625 0.003125 0.0670743
0 0.407813 0.407031 0.01875 0.0015625 0.0683778
0 0.361719 0.610156 0.0171875 0.0015625 0.0686885
0 0.878906 0.688281 0.0015625 0.0046875 0.069733
0 0.507031 0.559375 0.0171875 0.003125 0.0697464
0 0.564062 0.657031 0.021875 0.0015625 0.0699494
0 0.5625 0.564844 0.015625 0.0015625 0.0701057
0 0.567969 0.457031 0.0171875 0.0015625 0.0712958
0 0.457031 0.558594 0.0140625 0.0015625 0.0725202
0 0.510156 0.658594 0.0171875 0.0015625 0.0746687
0 0.56875 0.508594 0.015625 0.0015625 0.0765191
0 0.403906 0.561719 0.0140625 0.0015625 0.0796534
0 0.407813 0.453906 0.015625 0.0015625 0.0806323
0 0.410156 0.503906 0.0171875 0.0015625 0.0826141
