0 0.665625 0.810156 0.01875 0.0015625 0.0501623
0 0.614844 0.116406 0.0171875 0.0015625 0.0502396
0 0.967969 0.155469 0.0171875 0.0015625 0.0503429
0 0.915625 0.302344 0.015625 0.0015625 0.0503488
0 0.177344 0.163281 0.0140625 0.0046875 0.0503531
0 0.16875 0.707812 0.015625 0.003125 0.0503617
0 0.476562 0.103125 0.021875 0.003125 0.0504376
0 0.371875 0.161719 0.015625 0.0046875 0.0504923
0 0.925 0.803906 0.0125 0.0046875 0.0506375
0 0.7125 0.809375 0.01875 0.003125 0.0506998
0 0.175 0.110156 0.0125 0.0046875 0.0507351
0 0.260156 0.55625 0.0140625 0.003125 0.0507521
0 0.404687 0.703906 0.028125 0.0140625 0.0508527
0 0.216406 0.360156 0.0140625 0.0015625 0.0509891
0 0.354688 0.698438 0.028125 0.015625 0.0510982
0 0.8125 0.4 0.021875 0 0.0511038
0 0.414062 0.857031 0.021875 0.0015625 0.0511168
0 0.867969 0.95625 0.0109375 0.003125 0.0511313
0 0.83125 0.0546875 0.01875 0.003125 0.0515269
0 0.617969 0.859375 0.0203125 0.003125 0.0515289
0 0.871094 0.855469 0.0140625 0.0046875 0.0515988
0 0.364062 0.754687 0.0125 0.003125 0.0516652
0 0.121875 0.607031 0.0125 0.0015625 0.0517728
0 0.128906 0.163281 0.0140625 0.0046875 0.0518415
0 0.457812 0.251563 0.021875 0.003125 0.0519339
0 0.45625 0.411719 0.021875 0.0015625 0.0520251
0 0.414062 0.254687 0.01875 0.003125 0.0520783
0 0.214062 0.903906 0.01875 0.0015625 0.0520859
0 0.8125 0.447656 0.021875 0.0015625 0.0521036
0 0.273438 0.104687 0.0125 0.003125 0.0521404
0 0.119531 0.559375 0.0109375 0.003125 0.0521411
0 0.91875 0.353906 0.015625 0.0015625 0.052293
0 0.264062 0.900781 0.01875 0.0015625 0.0523559
0 0.565625 0.755469 0.01875 0.0015625 0.0523747
0 0.31875 0.858594 0.021875 0.0015625 0.0524492
0 0.121875 0.657031 0.015625 0.0046875 0.0525897
0 0.452344 0.308594 0.0203125 0.0015625 0.0526164
0 0.263281 0.359375 0.0140625 0.003125 0.0526196
0 0.777344 0.0585938 0.0203125 0.0015625 0.0526456
0 0.309375 0.80625 0.015625 0.003125 0.0526632
0 0.314063 0.357031 0.015625 0.0015625 0.0526822
0 0.459375 0.457031 0.021875 0.0015625 0.0527039
0 0.314844 0.905469 0.0203125 0.0015625 0.0527209
0 0.267969 0.886719 0.0078125 0.0015625 0.0528526
0 0.355469 0.560938 0.0171875 0.003125 0.0528911
0 0.11875 0.357812 0.015625 0.003125 0.0529891
0 0.614844 0.652344 0.0171875 0.0015625 0.0529912
0 0.919531 0.597656 0.0203125 0.0015625 0.0530231
0 0.229687 0.05625 0.015625 0.00625 0.0530289
0 0.8625 0.497656 0.021875 0.0015625 0.0531165
0 0.409375 0.75625 0.015625 0.003125 0.0531813
0 0.703906 0.502344 0.0203125 0.0015625 0.0535007
0 0.504687 0.410156 0.025 0.0015625 0.0536141
0 0.214062 0.410937 0.0125 0.003125 0.0537165
0 0.214062 0.557813 0.0125 0.003125 0.0538266
0 0.671094 0.108594 0.0203125 0.0015625 0.0539357
0 0.511719 0.7 0.0203125 0.003125 0.0540593
0 0.129688 0.110156 0.0125 0.0046875 0.0540829
0 0.810938 0.496094 0.021875 0.0015625 0.0541963
0 0.915625 0.502344 0.015625 0.0015625 0.0542505
0 0.409375 0.308594 0.01875 0.0015625 0.0544365
0 0.167969 0.257031 0.0171875 0.0046875 0.0544673
0 0.214062 0.653125 0.015625 0.003125 0.054524
0 0.919531 0.549219 0.0171875 0.0015625 0.0545701
0 0.220313 0.109375 0.0125 0.003125 0.0546224
0 0.565625 0.701563 0.01875 0.003125 0.0546317
0 0.757812 0.646094 0.021875 0.0015625 0.0546556
0 0.463281 0.203125 0.0234375 0.003125 0.0546999
0 0.211719 0.80625 0.0171875 0.003125 0.0547832
0 0.859375 0.407031 0.01875 0.0015625 0.0551699
0 0.458594 0.507031 0.0234375 0.0015625 0.0551872
0 0.366406 0.857031 0.0203125 0.0015625 0.0552474
0 0.360938 0.411719 0.01875 0.0015625 0.0552824
0 0.171875 0.209375 0.01875 0.00625 0.0553101
0 0.263281 0.65 0.0140625 0.003125 0.0553333
0 0.91875 0.646094 0.01875 0.0015625 0.0554361
0 0.360938 0.701563 0.0125 0.003125 0.0554425
0 0.554688 0.415625 0.021875 0 0.055495
0 0.867969 0.104687 0.0171875 0.003125 0.0556104
0 0.604688 0.463281 0.021875 0.0015625 0.0556183
0 0.3125 0.605469 0.015625 0.0015625 0.0556943
0 0.258594 0.411719 0.0140625 0.0015625 0.0560495
0 0.857813 0.649219 0.021875 0.0015625 0.0561249
0 0.8625 0.550781 0.021875 0.0015625 0.0562075
0 0.976562 0.0546875 0.01875 0.003125 0.0563295
0 0.872656 0.0570313 0.0171875 0.0015625 0.056364
0 0.174219 0.807031 0.0171875 0.0046875 0.0564508
0 0.360938 0.607031 0.015625 0.0015625 0.056485
0 0.133594 0.80625 0.0171875 0.003125 0.0565887
0 0.214062 0.854688 0.01875 0.003125 0.0567309
0 0.514063 0.753125 0.01875 0.003125 0.0568515
0 0.166406 0.65625 0.0140625 0.003125 0.0570068
0 0.564844 0.80625 0.0203125 0.003125 0.0570567
0 0.371875 0.1125 0.0125 0.003125 0.0571584
0 0.410937 0.410937 0.021875 0.003125 0.0573703
0 0.16875 0.357812 0.0125 0.003125 0.057517
0 0.264062 0.853906 0.01875 0.0015625 0.0575377
0 0.264062 0.601562 0.015625 0.003125 0.0580414
0 0.616406 0.808594 0.0171875 0.0015625 0.0582186
0 0.771094 0.110156 0.0203125 0.0015625 0.0585827
0 0.285937 0.857031 0.00625 0.0015625 0.0587158
0 0.704687 0.453906 0.021875 0.0015625 0.058788
0 0.458594 0.754687 0.0171875 0.003125 0.0588024
0 0.289844 0.888281 0.0078125 0.0015625 0.0588388
0 0.811719 0.547656 0.0234375 0.0015625 0.0588497
0 0.3125 0.652344 0.015625 0.0015625 0.0588762
0 0.409375 0.701563 0.015625 0.003125 0.0590605
0 0.821094 0.110156 0.0171875 0.0015625 0.0590738
0 0.165625 0.557813 0.0125 0.003125 0.0590939
0 0.655469 0.508594 0.0203125 0.0015625 0.0592053
0 0.216406 0.603906 0.0171875 0.0015625 0.059334
0 0.508594 0.459375 0.0234375 0.003125 0.0593577
0 0.863281 0.453125 0.0203125 0.003125 0.0595283
0 0.513281 0.646094 0.0203125 0.0015625 0.0595559
0 0.655469 0.458594 0.0203125 0.0015625 0.0596607
0 0.459375 0.7 0.01875 0.003125 0.0600583
0 0.310156 0.411719 0.0171875 0.0015625 0.0600736
0 0.211719 0.459375 0.0140625 0.003125 0.0601758
0 0.255469 0.803125 0.0140625 0.003125 0.0602718
0 0.361719 0.457812 0.0203125 0.003125 0.0605067
0 0.121875 0.510156 0.0125 0.0046875 0.0606612
0 0.357031 0.507812 0.0203125 0.003125 0.060785
0 0.699219 0.405469 0.0203125 0.0015625 0.0608753
0 0.507812 0.507031 0.025 0.0015625 0.0613185
0 0.604688 0.514844 0.021875 0.0015625 0.0614775
0 0.169531 0.60625 0.0140625 0.003125 0.0615381
0 0.75625 0.596094 0.021875 0.0015625 0.0615499
0 0.461719 0.649219 0.0171875 0.0015625 0.0616252
0 0.121875 0.405469 0.0125 0.0046875 0.0616692
0 0.457031 0.554688 0.0203125 0.003125 0.0618718
0 0.214062 0.507812 0.0125 0.003125 0.0619296
0 0.971094 0.102344 0.0203125 0.0015625 0.0623632
0 0.457031 0.80625 0.0203125 0.003125 0.0624061
0 0.410156 0.807813 0.0203125 0.003125 0.0624793
0 0.1625 0.50625 0.0125 0.003125 0.0625532
0 0.914844 0.403906 0.0140625 0.0015625 0.0627781
0 0.361719 0.655469 0.0140625 0.0015625 0.0628642
0 0.258594 0.458594 0.0171875 0.0015625 0.0631089
0 0.166406 0.407031 0.0140625 0.0046875 0.0631252
0 0.458594 0.603906 0.0203125 0.0015625 0.0631972
0 0.164844 0.457031 0.0140625 0.0046875 0.0634743
0 0.421094 0.107813 0.0171875 0.003125 0.0635592
0 0.759375 0.494531 0.01875 0.0015625 0.0637393
0 0.308594 0.459375 0.0171875 0.003125 0.0638717
0 0.411719 0.454688 0.0234375 0.003125 0.0641383
0 0.60625 0.561719 0.01875 0.0015625 0.0645104
0 0.308594 0.507031 0.0171875 0.0015625 0.064526
0 0.415625 0.207031 0.021875 0.0046875 0.0645521
0 0.364062 0.80625 0.01875 0.003125 0.0645543
0 0.125781 0.457031 0.0140625 0.0078125 0.064941
0 0.761719 0.445312 0.0203125 0 0.0651648
0 0.55625 0.513281 0.025 0.0015625 0.0656859
0 0.557031 0.461719 0.0234375 0.0015625 0.065717
0 0.6125 0.605469 0.01875 0.0015625 0.0659492
0 0.260156 0.504687 0.0140625 0.003125 0.0660744
0 0.41875 0.159375 0.01875 0.003125 0.0661424
0 0.914844 0.453906 0.0140625 0.0015625 0.0668046
0 0.75625 0.399219 0.021875 0.0015625 0.0668638
0 0.50625 0.555469 0.021875 0.0015625 0.0676347
0 0.5125 0.805469 0.021875 0.0015625 0.0680598
0 0.405469 0.557813 0.0203125 0.003125 0.0685513
0 0.757812 0.546875 0.021875 0 0.0690521
0 0.409375 0.607031 0.01875 0.0015625 0.06935
0 0.507031 0.602344 0.0203125 0.0015625 0.0701323
0 0.40625 0.507031 0.025 0.0015625 0.0702115
0 0.564062 0.648438 0.01875 0.003125 0.0716487
0 0.559375 0.559375 0.021875 0 0.0723295
0 0.410156 0.653906 0.0171875 0.0015625 0.0725
0 0.560938 0.603906 0.021875 0.0015625 0.0838779
