0 0.564844 0.447656 0.0078125 0.0140625 0.106279
0 0.569531 0.916406 0.0140625 0.0046875 0.0500269
0 0.599219 0.740625 0.0265625 0.0125 0.0500964
0 0.3625 0.933594 0.021875 0.0109375 0.050226
0 0.860937 0.555469 0.01875 0.0015625 0.0503248
0 0.860937 0.507031 0.01875 0.0015625 0.0503449
0 0.553906 0.472656 0.0109375 0.0015625 0.0506486
0 0.183594 0.0578125 0.0140625 0.003125 0.0506642
0 0.85 0.4625 0.01875 0.003125 0.0507719
0 0.613281 0.822656 0.0203125 0.0046875 0.051182
0 0.551562 0.396094 0.003125 0.0046875 0.0515492
0 0.247656 0.771094 0.0046875 0.0171875 0.0516289
0 0.727344 0.1125 0.0140625 0.003125 0.0518896
0 0.358594 0.39375 0.0265625 0.0125 0.0523683
0 0.00859375 0.480469 0.0171875 0.0046875 0.0524452
0 0.357031 0.34375 0.0265625 0.0125 0.0527751
0 0.904688 0.410937 0.015625 0.003125 0.05292
0 0.797656 0.414844 0.0203125 0.0015625 0.0529229
0 0.603906 0.66875 0.0171875 0.003125 0.0530059
0 0.808594 0.557031 0.0171875 0.0015625 0.0530954
0 0.177344 0.116406 0.0109375 0.0046875 0.0534243
0 0.607813 0.617969 0.015625 0.0015625 0.0543957
0 0.846875 0.414844 0.01875 0.0015625 0.054427
0 0.453125 0.344531 0.021875 0.0109375 0.0547663
0 0.84375 0.364844 0.01875 0.0015625 0.0549512
0 0.552344 0.396094 0.0203125 0.0109375 0.0549898
0 0.397656 0.421094 0.0171875 0.0015625 0.0551167
0 0.364844 0.88125 0.0234375 0.009375 0.0552425
0 0.809375 0.508594 0.01875 0.0015625 0.055309
0 0.910937 0.457812 0.015625 0.003125 0.0555984
0 0.440625 0.383594 0.025 0.0015625 0.0556669
0 0.79375 0.367188 0.01875 0 0.0558319
0 0.0585938 0.476562 0.0203125 0.00625 0.0562842
0 0.495313 0.377344 0.021875 0.0015625 0.0564323
0 0.259375 0.802344 0.025 0.0078125 0.0566724
0 0.550781 0.367188 0.0046875 0.003125 0.0572592
0 0.915625 0.553906 0.0125 0.0015625 0.057458
0 0.401563 0.400781 0.03125 0.0078125 0.0585662
0 0.440625 0.41875 0.025 0.003125 0.0591357
0 0.315625 0.8875 0.009375 0.009375 0.0594499
0 0.107813 0.585938 0.0125 0.01875 0.0596563
0 0.915625 0.504687 0.015625 0.003125 0.0604798
0 0.403125 0.348437 0.025 0.00625 0.0608666
0 0.490625 0.425 0.021875 0.003125 0.0623193
0 0.226562 0.85625 0.01875 0.009375 0.0631684
0 0.167187 0.85625 0.0125 0.0125 0.0641483
0 0.617188 0.446875 0.021875 0.0125 0.0648008
0 0.270312 0.854688 0.021875 0.009375 0.065317
0 0.798437 0.461719 0.01875 0.0015625 0.0664888
0 0.55 0.373437 0.021875 0.00625 0.0669855
0 0.525781 0.392969 0.0046875 0.0015625 0.067133
0 0.546094 0.425781 0.0171875 0.0046875 0.0674777
0 0.525 0.363281 0.00625 0.0015625 0.0714811
0 0.600781 0.397656 0.0265625 0.0078125 0.0764705
0 0.564844 0.447656 0.0078125 0.0140625 0.106279
