0 0.310937 0.700781 0.01875 0.0015625 0.0500443
0 0.515625 0.248437 0.009375 0.00625 0.050061
0 0.573438 0.204688 0.00625 0.00625 0.0501305
0 0.520312 0.800781 0.021875 0.0046875 0.0502187
0 0.407031 0.702344 0.0390625 0.0078125 0.0503717
0 0.359375 0.698438 0.015625 0.003125 0.0505712
0 0.504687 0.703125 0.028125 0.009375 0.0508629
0 0.520312 0.151562 0.00625 0.009375 0.0509443
0 0.369531 0.107813 0.0046875 0.00625 0.0509675
0 0.46875 0.752344 0.01875 0.0046875 0.0512538
0 0.928906 0.905469 0.0109375 0.0046875 0.0512703
0 0.407031 0.4 0.0078125 0.003125 0.0513606
0 0.521094 0.102344 0.0078125 0.0078125 0.0514284
0 0.416406 0.653906 0.0140625 0.0015625 0.0515535
0 0.7625 0.655469 0.015625 0.0015625 0.0516395
0 0.98125 0.907031 0.009375 0.0046875 0.0517929
0 0.710156 0.607031 0.0140625 0.0015625 0.0519109
0 0.520312 0.755469 0.015625 0.0046875 0.0520151
0 0.659375 0.610156 0.0125 0.0015625 0.0521787
0 0.571094 0.759375 0.0140625 0.003125 0.0522056
0 0.914844 0.707812 0.0171875 0.003125 0.0522553
0 0.451562 0.701563 0.034375 0.009375 0.0523289
0 0.45625 0.553125 0.0125 0.003125 0.0526042
0 0.6125 0.653906 0.009375 0.0015625 0.0528501
0 0.51875 0.198437 0.00625 0.009375 0.0529461
0 0.86875 0.809375 0.01875 0.003125 0.0529542
0 0.809375 0.65625 0.015625 0.003125 0.0530606
0 0.467969 0.8 0.0234375 0.003125 0.0531433
0 0.341406 0.925781 0.0046875 0.0046875 0.0531495
0 0.461719 0.651563 0.0140625 0.003125 0.0532785
0 0.455469 0.75 0.0359375 0.009375 0.053324
0 0.417969 0.753906 0.0203125 0.0015625 0.0535396
0 0.315625 0.746094 0.021875 0.0015625 0.0535853
0 0.26875 0.695312 0.021875 0 0.0538839
0 0.366406 0.650781 0.0109375 0.0015625 0.0538931
0 0.460156 0.701563 0.0171875 0.003125 0.0539823
0 0.860156 0.604688 0.0140625 0.003125 0.054162
0 0.364062 0.602344 0.009375 0.0015625 0.0544235
0 0.809375 0.555469 0.015625 0.0015625 0.0546684
0 0.124219 0.0859375 0.0109375 0.00625 0.0551912
0 0.913281 0.498437 0.0203125 0.003125 0.0554818
0 0.551562 0.339844 0.009375 0.0078125 0.0556153
0 0.457031 0.602344 0.0109375 0.0015625 0.0558723
0 0.413281 0.604688 0.0109375 0.003125 0.0559545
0 0.809375 0.605469 0.0125 0.0015625 0.0564033
0 0.510938 0.449219 0.0125 0.0015625 0.0571634
0 0.4125 0.702344 0.015625 0.0015625 0.057578
0 0.973437 0.764063 0.0125 0.003125 0.0583824
0 0.925781 0.854688 0.0171875 0.003125 0.058825
0 0.567969 0.80625 0.0171875 0.003125 0.0589129
0 0.558594 0.708594 0.0140625 0.0015625 0.0592388
0 0.410937 0.754687 0.0375 0.009375 0.0593849
0 0.978906 0.854688 0.0140625 0.003125 0.0596589
0 0.609375 0.607031 0.009375 0.0015625 0.060442
0 0.609375 0.553906 0.009375 0.0015625 0.0622095
0 0.509375 0.498437 0.0125 0.003125 0.0623765
0 0.98125 0.807813 0.015625 0.003125 0.0640034
0 0.507812 0.550781 0.0125 0.0015625 0.0642081
0 0.91875 0.766406 0.015625 0.0046875 0.0652061
0 0.508594 0.704687 0.0171875 0.003125 0.0664564
0 0.56875 0.449219 0.009375 0.0015625 0.0667809
0 0.926562 0.807813 0.015625 0.003125 0.0683682
0 0.558594 0.557031 0.0109375 0.0015625 0.06852
0 0.560156 0.609375 0.0109375 0 0.0686564
0 0.561719 0.658594 0.0140625 0.0015625 0.0690369
0 0.566406 0.500781 0.0109375 0.0015625 0.0714109
0 0.508594 0.600781 0.0140625 0.0015625 0.0733669
0 0.510938 0.652344 0.015625 0.0015625 0.0758207
