0 0.447656 0.360938 0.0140625 0.003125 0.0501121
0 0.352344 0.559375 0.0140625 0.003125 0.0503183
0 0.371094 0.805469 0.0140625 0.0078125 0.0508715
0 0.0179687 0.497656 0.0046875 0.0078125 0.050972
0 0.498437 0.360938 0.01875 0.003125 0.0511295
0 0.930469 0.05625 0.0171875 0.003125 0.0511395
0 0.922656 0.903906 0.0109375 0.0046875 0.0511407
0 0.572656 0.760156 0.0140625 0.0046875 0.0513671
0 0.56875 0.809375 0.015625 0.00625 0.0515676
0 0.498437 0.560938 0.01875 0.003125 0.0518742
0 0.499219 0.50625 0.0171875 0.003125 0.0521075
0 0.515625 0.807031 0.015625 0.0078125 0.0522201
0 0.453125 0.50625 0.015625 0.003125 0.0523274
0 0.403906 0.507812 0.0140625 0.003125 0.0524038
0 0.50625 0.452344 0.021875 0.0171875 0.0529261
0 0.413281 0.807813 0.0140625 0.00625 0.0537041
0 0.553125 0.75 0.028125 0.01875 0.0541984
0 0.548437 0.407813 0.03125 0.0125 0.0545168
0 0.4 0.360938 0.015625 0.003125 0.0545967
0 0.552344 0.50625 0.0171875 0.003125 0.0546525
0 0.928125 0.100781 0.01875 0.0015625 0.0549216
0 0.558594 0.355469 0.0171875 0.0015625 0.055444
0 0.51875 0.757031 0.015625 0.0046875 0.0563883
0 0.553906 0.417969 0.0171875 0.0015625 0.0565368
0 0.563281 0.657812 0.0140625 0.003125 0.0569534
0 0.451562 0.560938 0.01875 0.003125 0.0585984
0 0.55 0.5625 0.01875 0.003125 0.0600514
0 0.507812 0.657812 0.015625 0.003125 0.0609582
0 0.55625 0.608594 0.015625 0.0015625 0.0616355
0 0.407813 0.659375 0.015625 0.003125 0.0642662
0 0.405469 0.610937 0.0140625 0.003125 0.0656607
0 0.560156 0.45625 0.0234375 0.015625 0.0660725
0 0.502344 0.607813 0.0140625 0.003125 0.0664654
0 0.455469 0.659375 0.0140625 0.003125 0.0667933
0 0.451562 0.609375 0.015625 0.003125 0.0705322
0 0.400781 0.5625 0.0171875 0.003125 0.0705417
0 0.502344 0.409375 0.0203125 0.003125 0.0728995
0 0.0132813 0.474219 0.0046875 0.0078125 0.0771051
