0 0.423438 0.128125 0.0125 0.003125 0.0503503
0 0.860937 0.810938 0.015625 0.003125 0.0504917
0 0.396094 0.521875 0.0078125 0.015625 0.0504942
0 0.447656 0.417969 0.0109375 0.0046875 0.0505113
0 0.808594 0.742969 0.0296875 0.0140625 0.0505126
0 0.551562 0.3625 0.01875 0.003125 0.0506621
0 0.503125 0.464844 0.009375 0.0015625 0.0507376
0 0.91875 0.809375 0.015625 0.003125 0.0510827
0 0.757031 0.38125 0.0078125 0.009375 0.0512398
0 0.551562 0.465625 0.0125 0.003125 0.0518361
0 0.796094 0.394531 0.0234375 0.0109375 0.0520968
0 0.815625 0.814844 0.015625 0.0046875 0.0527115
0 0.7625 0.130469 0.015625 0.0046875 0.0530163
0 0.753906 0.744531 0.0328125 0.0140625 0.0531176
0 0.511719 0.85625 0.0171875 0.003125 0.0533171
0 0.378125 0.0703125 0.0125 0.003125 0.0539111
0 0.663281 0.404687 0.0078125 0.0125 0.0542854
0 0.804688 0.136719 0.034375 0.0078125 0.0544519
0 0.45 0.4625 0.009375 0.003125 0.0544917
0 0.757031 0.0820312 0.0171875 0.0046875 0.0560121
0 0.366406 0.550781 0.0109375 0.0140625 0.0614001
0 0.703906 0.401563 0.0140625 0.00625 0.0794504
0 0.603125 0.365625 0.015625 0.003125 0.0864465
