0 0.184375 0.0554687 0.0125 0.0046875 0.0502898
0 0.3625 0.403125 0.01875 0.003125 0.0503393
0 0.324219 0.110156 0.0078125 0.0046875 0.0503438
0 0.661719 0.409375 0.0140625 0.003125 0.0503882
0 0.129688 0.816406 0.01875 0.0046875 0.0504135
0 0.560156 0.90625 0.0171875 0.009375 0.0505254
0 0.667969 0.860156 0.0171875 0.0046875 0.0505435
0 0.360156 0.354688 0.0171875 0.003125 0.050621
0 0.417188 0.763281 0.009375 0.0078125 0.0506285
0 0.271875 0.910156 0.015625 0.0046875 0.0506612
0 0.376563 0.00703125 0.0125 0.0046875 0.0506869
0 0.925 0.200781 0.015625 0.0046875 0.0507134
0 0.574219 0.7625 0.0109375 0.00625 0.0507334
0 0.759375 0.511719 0.01875 0.0015625 0.0507814
0 0.65625 0.561719 0.0125 0.0015625 0.0508045
0 0.647656 0.985937 0.0109375 0.00625 0.0508321
0 0.919531 0.601562 0.0140625 0.00625 0.0508434
0 0.866406 0.600781 0.0171875 0.0046875 0.0508548
0 0.475781 0.0046875 0.0140625 0.003125 0.0508597
0 0.930469 0.150781 0.0109375 0.0046875 0.0508632
0 0.928906 0.0984375 0.0109375 0.00625 0.0508719
0 0.117969 0.557031 0.0140625 0.0015625 0.0508831
0 0.116406 0.505469 0.0140625 0.0046875 0.0508863
0 0.921094 0.649219 0.0140625 0.0046875 0.0509101
0 0.478125 0.207813 0.015625 0.003125 0.0509803
0 0.447656 0.3625 0.0171875 0.00625 0.051047
0 0.414844 0.960156 0.0140625 0.0046875 0.0510698
0 0.166406 0.609375 0.0140625 0.003125 0.051082
0 0.3125 0.8625 0.015625 0.00625 0.0511106
0 0.614062 0.360938 0.015625 0.003125 0.051118
0 0.723437 0.108594 0.0125 0.0046875 0.0511464
0 0.264062 0.45 0.015625 0.003125 0.051176
0 0.920313 0.249219 0.015625 0.0046875 0.0512053
0 0.608594 0.610937 0.0109375 0.003125 0.0512596
0 0.370313 0.170312 0.00625 0.003125 0.0513764
0 0.822656 0.155469 0.0140625 0.0046875 0.0513783
0 0.426562 0.00703125 0.0125 0.0046875 0.0514384
0 0.617188 0.861719 0.015625 0.0046875 0.0515283
0 0.403906 0.749219 0.0421875 0.0140625 0.0515423
0 0.285156 0.0523437 0.0109375 0.0046875 0.051596
0 0.861719 0.303906 0.0140625 0.0046875 0.0516189
0 0.264062 0.499219 0.015625 0.0015625 0.0516441
0 0.566406 0.6625 0.0109375 0.003125 0.0519989
0 0.517187 0.808594 0.0125 0.0078125 0.0520078
0 0.863281 0.655469 0.0171875 0.0046875 0.052076
0 0.175 0.871094 0.01875 0.0078125 0.0521593
0 0.698438 0.996875 0.009375 0.003125 0.0522019
0 0.13125 0.969531 0.01875 0.0078125 0.0523678
0 0.35625 0.451562 0.01875 0.003125 0.0524285
0 0.445312 0.455469 0.01875 0.0046875 0.0524395
0 0.225 0.103906 0.009375 0.0046875 0.0525355
0 0.165625 0.457031 0.0125 0.0046875 0.0525495
0 0.863281 0.355469 0.0140625 0.0046875 0.0525715
0 0.617969 0.811719 0.0109375 0.0046875 0.0526228
0 0.354688 0.501562 0.015625 0.003125 0.0528007
0 0.728906 0.0578125 0.0140625 0.003125 0.0528455
0 0.620313 0.983594 0.009375 0.0015625 0.0530574
0 0.210938 0.558594 0.0125 0.0015625 0.0531695
0 0.810938 0.65625 0.015625 0.003125 0.0531942
0 0.549219 0.4875 0.0296875 0.0125 0.053232
0 0.415625 0.807813 0.009375 0.00625 0.0532569
0 0.915625 0.553906 0.015625 0.0046875 0.0532679
0 0.257031 0.55625 0.0140625 0.003125 0.0533309
0 0.426562 0.214062 0.0125 0.003125 0.0534786
0 0.165625 0.507031 0.0125 0.0046875 0.0535836
0 0.548437 0.467187 0.0125 0.003125 0.0535868
0 0.625 0.214844 0.0125 0.0046875 0.0536911
0 0.4 0.401563 0.021875 0.003125 0.0537105
0 0.164062 0.560938 0.0125 0.003125 0.0537781
0 0.775 0.104687 0.0125 0.003125 0.0539442
0 0.760156 0.4125 0.0203125 0.003125 0.0539732
0 0.45 0.404687 0.021875 0.00625 0.0539738
0 0.828906 0.102344 0.0140625 0.0046875 0.0544878
0 0.566406 0.858594 0.0140625 0.0046875 0.0545713
0 0.332031 0.0554687 0.0109375 0.0046875 0.0547131
0 0.172656 0.819531 0.0203125 0.0046875 0.0551149
0 0.459375 0.308594 0.01875 0.0046875 0.0552344
0 0.676562 0.104687 0.015625 0.003125 0.0554324
0 0.578125 0.214844 0.0125 0.0046875 0.0555131
0 0.864062 0.552344 0.015625 0.0046875 0.0555454
0 0.604688 0.413281 0.015625 0.0046875 0.05624
0 0.275 0.103125 0.009375 0.003125 0.0563346
0 0.4 0.454688 0.01875 0.003125 0.0565313
0 0.757031 0.460938 0.0171875 0.003125 0.0569011
0 0.649219 0.467187 0.0140625 0.003125 0.0572173
0 0.498437 0.367969 0.015625 0.0046875 0.0574088
0 0.80625 0.557813 0.015625 0.003125 0.0574443
0 0.815625 0.359375 0.015625 0.003125 0.0578095
0 0.555469 0.963281 0.0171875 0.0046875 0.0580741
0 0.566406 0.811719 0.0109375 0.0046875 0.0581113
0 0.448438 0.510938 0.01875 0.003125 0.0588002
0 0.476562 0.107031 0.015625 0.0046875 0.0590436
0 0.68125 0.05625 0.015625 0.003125 0.0592238
0 0.476562 0.157031 0.015625 0.0046875 0.0593588
0 0.807031 0.5125 0.0140625 0.003125 0.0600535
0 0.527344 0.159375 0.0140625 0.003125 0.060383
0 0.483594 0.05625 0.0140625 0.00625 0.0608654
0 0.375 0.114844 0.009375 0.0046875 0.0609826
0 0.234375 0.0523437 0.0125 0.0046875 0.061247
0 0.436719 0.0601562 0.0140625 0.0046875 0.061275
0 0.383594 0.0609375 0.0109375 0.00625 0.0616631
0 0.411719 0.309375 0.0171875 0.003125 0.0616643
0 0.548437 0.417188 0.015625 0.003125 0.0625765
0 0.810938 0.409375 0.015625 0.003125 0.0629003
0 0.498437 0.514063 0.015625 0.003125 0.0629305
0 0.410937 0.613281 0.0125 0.0046875 0.0630171
0 0.805469 0.461719 0.0140625 0.0046875 0.0636373
0 0.626562 0.107813 0.015625 0.003125 0.06367
0 0.625781 0.160938 0.0171875 0.003125 0.0637604
0 0.50625 0.610156 0.0125 0.0046875 0.0646868
0 0.55 0.516406 0.0125 0.0015625 0.0647738
0 0.533594 0.0570313 0.0140625 0.0046875 0.0650002
0 0.492188 0.409375 0.01875 0.00625 0.0653072
0 0.430469 0.113281 0.0109375 0.0046875 0.0654118
0 0.498437 0.459375 0.015625 0.003125 0.0654531
0 0.399219 0.359375 0.0171875 0.003125 0.0654958
0 0.63125 0.0570313 0.01875 0.0015625 0.0655888
0 0.463281 0.957031 0.0140625 0.0046875 0.0658818
0 0.595312 0.51875 0.009375 0.003125 0.0660526
0 0.595312 0.46875 0.0125 0.003125 0.0661303
0 0.557031 0.364062 0.0171875 0.003125 0.0672297
0 0.45625 0.611719 0.0125 0.0046875 0.067291
0 0.582812 0.0578125 0.015625 0.003125 0.0674366
0 0.423438 0.167969 0.009375 0.0046875 0.0679536
0 0.557031 0.611719 0.0109375 0.0015625 0.0683195
0 0.527344 0.107813 0.0140625 0.003125 0.0688139
0 0.599219 0.567187 0.0140625 0.003125 0.0697478
0 0.575 0.164844 0.0125 0.0046875 0.0723571
0 0.4 0.50625 0.015625 0.003125 0.0733403
0 0.576563 0.111719 0.0125 0.0046875 0.0737505
0 0.452344 0.560938 0.0140625 0.00625 0.0771927
0 0.500781 0.5625 0.0140625 0.00625 0.0773075
0 0.550781 0.565625 0.0140625 0.003125 0.0774197
0 0.404687 0.561719 0.015625 0.0046875 0.0777517
