0 0.825781 0.107813 0.0140625 0.003125 0.050054
0 0.809375 0.307031 0.021875 0.0015625 0.050093
0 0.11875 0.510156 0.015625 0.0015625 0.0501981
0 0.65625 0.563281 0.015625 0.0015625 0.0503295
0 0.616406 0.253125 0.0203125 0 0.0505269
0 0.20625 0.753906 0.0375 0.0171875 0.0506373
0 0.0726563 0.0601562 0.0171875 0.0015625 0.0509182
0 0.121875 0.0601562 0.01875 0.0015625 0.0509508
0 0.407813 0.884375 0.01875 0.009375 0.0509532
0 0.202344 0.608594 0.0109375 0.0015625 0.0509718
0 0.70625 0.361719 0.01875 0.0015625 0.0509946
0 0.414062 0.867188 0.0125 0.00625 0.0510117
0 0.252344 0.458594 0.0140625 0.0015625 0.0510614
0 0.564844 0.810156 0.0171875 0.0015625 0.0512132
0 0.848437 0.514844 0.015625 0.0015625 0.0512659
0 0.134375 0.910156 0.009375 0.0078125 0.0513032
0 0.423438 0.257812 0.015625 0 0.0513057
0 0.520312 0.349219 0.01875 0.0015625 0.0513203
0 0.369531 0.358594 0.0171875 0.0015625 0.0515166
0 0.801562 0.416406 0.01875 0.0015625 0.0515305
0 0.514063 0.807813 0.01875 0.003125 0.0515782
0 0.802344 0.516406 0.0203125 0.0015625 0.0516273
0 0.405469 0.836719 0.0203125 0.0078125 0.0517235
0 0.410937 0.703906 0.025 0.0109375 0.0519004
0 0.3625 0.40625 0.015625 0 0.0519359
0 0.353125 0.701563 0.025 0.0125 0.0519861
0 0.117188 0.410937 0.015625 0.003125 0.0519897
0 0.252344 0.363281 0.0171875 0.0015625 0.0520233
0 0.45625 0.657812 0.0125 0.003125 0.0521605
0 0.459375 0.8125 0.01875 0.003125 0.0522053
0 0.873438 0.108594 0.015625 0.0015625 0.0523948
0 0.924219 0.802344 0.0140625 0.0046875 0.0524138
0 0.572656 0.0117188 0.0171875 0.0015625 0.0524873
0 0.425781 0.208594 0.0140625 0.0015625 0.0525316
0 0.717188 0.157031 0.01875 0.0015625 0.0525322
0 0.314844 0.307031 0.0140625 0.0015625 0.0525585
0 0.257031 0.307031 0.0171875 0.0015625 0.0525906
0 0.978125 0.100781 0.021875 0.0015625 0.0527222
0 0.908594 0.513281 0.0171875 0.0015625 0.0527591
0 0.821094 0.155469 0.0171875 0.0015625 0.0528175
0 0.364062 0.814062 0.0125 0.00625 0.0529969
0 0.507812 0.702344 0.03125 0.0109375 0.0530184
0 0.210938 0.707812 0.009375 0.00625 0.0531684
0 0.507812 0.709375 0.0125 0.003125 0.0532315
0 0.930469 0.851562 0.0171875 0.003125 0.0532695
0 0.777344 0.107813 0.0171875 0.003125 0.0532732
0 0.410156 0.716406 0.0109375 0.0046875 0.0534092
0 0.853906 0.917188 0.0015625 0.00625 0.053426
0 0.308594 0.650781 0.0390625 0.0078125 0.0534457
0 0.164844 0.707812 0.0109375 0.00625 0.0537924
0 0.752344 0.459375 0.0203125 0 0.0537995
0 0.225 0.00234375 0.021875 0.0015625 0.0538048
0 0.211719 0.507031 0.0140625 0.0046875 0.0539838
0 0.169531 0.763281 0.0140625 0.0046875 0.0541033
0 0.255469 0.408594 0.0171875 0.0015625 0.0545438
0 0.564062 0.759375 0.01875 0.003125 0.0547801
0 0.476562 0.00234375 0.01875 0.0046875 0.0548475
0 0.411719 0.816406 0.0140625 0.0046875 0.0550855
0 0.114844 0.464063 0.0140625 0.003125 0.0551559
0 0.353125 0.797656 0.03125 0.0140625 0.0551623
0 0.165625 0.509375 0.015625 0.003125 0.0552233
0 0.403906 0.792969 0.0234375 0.0109375 0.0552768
0 0.411719 0.664062 0.0109375 0.003125 0.0553638
0 0.654688 0.505469 0.01875 0.0015625 0.0553757
0 0.163281 0.0609375 0.0203125 0.003125 0.0553777
0 0.359375 0.453125 0.015625 0.003125 0.0554012
0 0.653125 0.711719 0.015625 0.0015625 0.0555752
0 0.7 0.45625 0.01875 0 0.0555901
0 0.174219 0.817187 0.0140625 0.00625 0.0559815
0 0.920313 0.148438 0.021875 0 0.056003
0 0.410156 0.750781 0.0234375 0.0109375 0.0560126
0 0.510938 0.746875 0.028125 0.0125 0.0561463
0 0.800781 0.463281 0.0203125 0.0015625 0.0561869
0 0.867969 0.155469 0.0203125 0.0015625 0.0563276
0 0.163281 0.00546875 0.0234375 0.0015625 0.0564378
0 0.657812 0.3625 0.015625 0 0.0565777
0 0.521094 0.00859375 0.0171875 0.0015625 0.0566677
0 0.464063 0.397656 0.01875 0.0015625 0.0569997
0 0.423438 0.159375 0.015625 0.003125 0.0570596
0 0.802344 0.361719 0.0203125 0.0015625 0.0571292
0 0.679688 0.05625 0.01875 0.003125 0.0572193
0 0.424219 0 0.0203125 0 0.0572942
0 0.207031 0.460938 0.0140625 0.003125 0.057521
0 0.460156 0.605469 0.0140625 0.0015625 0.0577273
0 0.304688 0.695312 0.021875 0.0125 0.0580513
0 0.473437 0.15625 0.01875 0.003125 0.0582586
0 0.3125 0.360156 0.015625 0.0015625 0.0584545
0 0.725 0.105469 0.01875 0.0015625 0.0587017
0 0.203125 0.559375 0.0125 0.003125 0.0588832
0 0.411719 0.609375 0.0140625 0.003125 0.0589011
0 0.898438 0.413281 0.015625 0.0015625 0.0592855
0 0.302344 0.457812 0.0171875 0.003125 0.0594485
0 0.424219 0.310937 0.0171875 0 0.0594856
0 0.508594 0.607031 0.0140625 0.0015625 0.0594861
0 0.161719 0.409375 0.0171875 0.003125 0.0595339
0 0.160938 0.463281 0.015625 0.0046875 0.0595493
0 0.952344 0.0703125 0.0046875 0.009375 0.0596154
0 0.426562 0.0515625 0.021875 0.003125 0.0603684
0 0.845312 0.414062 0.01875 0.003125 0.0606008
0 0.653906 0.660156 0.0171875 0.0015625 0.0611334
0 0.652344 0.407031 0.0171875 0.0015625 0.0614224
0 0.672656 0.157031 0.0203125 0.0015625 0.0614293
0 0.51875 0.395312 0.01875 0.003125 0.0615545
0 0.610937 0.303125 0.01875 0 0.0621264
0 0.60625 0.710156 0.015625 0.0015625 0.0622931
0 0.903125 0.464844 0.015625 0.0015625 0.0626175
0 0.616406 0.208594 0.0203125 0.0015625 0.0626872
0 0.85 0.467187 0.015625 0.003125 0.0631199
0 0.507031 0.654688 0.0140625 0.003125 0.0634985
0 0.423438 0.107813 0.015625 0.003125 0.0641525
0 0.307813 0.408594 0.01875 0.0015625 0.0643875
0 0.560938 0.607813 0.0125 0 0.0646935
0 0.610156 0.363281 0.0171875 0.0015625 0.0649065
0 0.569531 0.257031 0.0203125 0.0015625 0.0650141
0 0.209375 0.408594 0.015625 0.0015625 0.0652296
0 0.557813 0.711719 0.0125 0.0015625 0.065321
0 0.650781 0.455469 0.0171875 0.0015625 0.0653661
0 0.603125 0.611719 0.015625 0.0015625 0.0658394
0 0.605469 0.5625 0.0171875 0 0.0663309
0 0.607031 0.503906 0.0171875 0.0015625 0.0671902
0 0.422656 0.358594 0.0171875 0.0015625 0.0675601
0 0.516406 0.250781 0.0203125 0.0015625 0.0677499
0 0.678125 0.107031 0.01875 0.0015625 0.0680351
0 0.629687 0.0570313 0.01875 0.0015625 0.0684761
0 0.478125 0.0546875 0.01875 0.003125 0.0685347
0 0.411719 0.559375 0.0140625 0.003125 0.069624
0 0.46875 0.109375 0.015625 0.003125 0.0697285
0 0.507812 0.554688 0.015625 0 0.0702119
0 0.610156 0.407031 0.0171875 0.0015625 0.0705517
0 0.603125 0.455469 0.015625 0.0015625 0.0714216
0 0.460156 0.553906 0.0140625 0.0015625 0.0717694
0 0.514844 0.302344 0.0203125 0.0015625 0.0718431
0 0.417969 0.5 0.0140625 0.003125 0.0719525
0 0.571094 0.213281 0.0203125 0.0015625 0.0723664
0 0.557813 0.559375 0.015625 0 0.0725774
0 0.466406 0.445312 0.0171875 0.003125 0.0733798
0 0.416406 0.446875 0.0171875 0.003125 0.0747449
0 0.560156 0.363281 0.0171875 0.0015625 0.0747732
0 0.51875 0.205469 0.01875 0.0015625 0.0751009
0 0.465625 0.496094 0.015625 0.0015625 0.0753691
0 0.415625 0.402344 0.015625 0.0015625 0.0758461
0 0.600781 0.657812 0.0171875 0 0.076052
0 0.5125 0.446094 0.01875 0.0015625 0.0776227
0 0.617188 0.1625 0.01875 0 0.0786532
0 0.577344 0.0609375 0.0171875 0.003125 0.0788429
0 0.557031 0.657031 0.0109375 0.0015625 0.0795061
0 0.624219 0.108594 0.0203125 0.0015625 0.0802875
0 0.514063 0.496094 0.015625 0.0015625 0.0825855
0 0.564062 0.403906 0.01875 0.0015625 0.0826951
0 0.524219 0.0578125 0.0171875 0.003125 0.0832286
0 0.517969 0.157813 0.0171875 0.003125 0.0834126
0 0.5625 0.500781 0.015625 0.0015625 0.0852006
0 0.570312 0.164844 0.01875 0.0015625 0.086239
0 0.560938 0.313281 0.021875 0.0015625 0.08758
0 0.557813 0.453906 0.01875 0.0015625 0.0898483
0 0.571094 0.111719 0.0171875 0.0015625 0.0911683
0 0.517969 0.110156 0.0171875 0.0015625 0.0929272
